0234002131002010
3021004340022300
0000321004202040
0002000312043401
3040002021344002
3024000313404001
3021124000002000
1200300021300001
0341142330004002
0030301420401420
0003021001020300
3400100041000304
1024000341320041
0031002010420403
0010010034011230
0420004123104030
0312003430201043
1002020124100124
3120000010002001
0004002020133042
4302213400003240
4130201410003201
1400034030104023
3024023003420013
2304010200201243
3420203002004302
0213000410020030
0120000020031300
2040000004200204
0003034134001200
3020000000320301
0100420313240401
0014413000430401
1203431004013000
0230000400002410
2014003002010400
0140042100340312
1200342000020040
3000000303242001
2140032104120004
0000124003202134
4120200110040000
2043430104021004
0001013403004003
0320241032014000
1400030001400231
0020001031000230
0300410014023001
0030302403021243
1423004003102000
1200401200042000
4213000001242031
1000020040232000
2100430132000002
1032024000140100
3000000200230041
0043300000300021
4102300023101003
3002403014230000
0301200012003400
3120420010020410
0400000403212040
0312020030012130
0102034104203200
2004430212400020
3010024340202130
0000012314302304
0031030031042410
0100041010020200
4020320020401400
3001210000340002
0032001032410020
0010010202340300
1420024001000002
0204140241232000
2143030000020000
0132300403011020
0300100401403021
0003432100020134
1002000000034021
1004401320300000
0130040110020200
1042003102000100
1320400000002403
3402203000211003
0012104001040401
0241402304020304
0204140200010143
3210002000020041
3001003402100002
3000200310300312
0204000204232341
3002203100131300
2041142301300004
2430032042100102
0243430030000130
1000042120000002
0000020000322304
0301142002004002
0034432010430012
0200030001242431
4032024024130300
0324421331020000
2010140240230200
0013000430402031
0000300023011430
4020010310343012
3410100300000301
0013130400320241
2314102000300041
0043300200304020
0103030010003402
0210010210002040
0320003101002403
2000140001230010
0040430220313104
0104421313000001
4010314000200431
3100000303000234
0020004000120230
0021010310040300
4310000310000421
0432300023004000
3000240040011000
3214013000400403
2000010010040013
4023201430001402
3204100000004021
0410123440230300
0304100200410003
1000030021340021
1002200400004120
0030320103104023
2001132402003040
3000003412400321
3000012320000030
0204142320010032
1000020001230310
3001020400120003
3200410010000040
3014003000011403
0043340203210004
0103001000244201
3000003413424013
3010204303200030
0014410330401402
0420230001303200
0004043240033000
0100420004131324
3210002000300042
0003024121304302
4031010420130042
0004001002404030
0042243042030024
3024403100000400
0143000032040400
0001120020000042
0103004010300412
0324001024003102
0010402300411430
0300000330021030
2300043201000241
0200301023014023
0231130000100103
0300043030040010
0310143000200200
2310042040010002
0134432000033400
0130342103100040
0003432001000412
4020234030021200
0120000004030342
0000124004102134
1234002043100000
4010200000010034
0231004003041420
3104001304011302
3001410200040003
0204341223410000
3204043203000043
3200000203212143
0000341001404000
1240000041320004
0302120000300120
0143040200000300
0210000001020431
3012104340210004
4301000030002034
0002204132101000
2010310010244230
0000002100322010
4301104330022100
1200340221304020
0421203402000302
0020204134001030
0003030200043400
4002200300343401
4000010012400412
0012003403210143
4023300400400031
4002010412003420
4100200410230001
1003200000320241
2003031200043421
0103000020041400
0004013000010420
2000310203044013
4230310210232000
0040410200033210
0003004020301304
0210004221003420
1324021004303002
2300100200030040
0000410012040012
0010100023010100
3420003000130340
0014140000014003
2100432100000402
2403032042003100
0340000102044020
0034000201032040
4321104300100030
0004002103022140
0000020031400430
4013002400400400
2000040040030201
2014413000233040
1200001200004021
0214403014202000
4012004004210000
0230432101003002
0214410220400420
0031302010402413
3241042020004030
1420000001344000
0030001441030301
1003304120340012
3421010300344002
0300420020313000
0200143023140103
4201130001430410
0014013004011200
2300400214200010
0302000040233010
1030431201400400
0000423104200004
0024201002300000
4000001020411400
0003300040020204
2100300100001040
0401120323140002
0304043102030142
3104040302010340
0301143230004100
4312003004010143
0002300423410023
4032320400232300
0004013220011423
0104000140021243
0310000304210100
0032000401002041
0012204340200230
0231104230240400
0204430234000040
4021004000020200
0000143232414100
4001302420100040
3042001040010000
4002030110230200
2410302410000231
0000031201343401
4102031004233200
0203041001300300
4103000020310300
0043041000210034
0400010403101200
3140043040001324
3042420313040001
2000340010004310
1042020031240031
0320420304003100
0310142301000201
0143030210303401
0204030120100142
0020031430420200
4301213000400002
0234030100000042
3040142000102134
2300002040320210
2140000002040001
2104041043200003
1004420301400000
1400001440322300
1200040021404300
0012004300343021
0001134024003124
2000002013404213
2003310400000002
3102000000244003
4003000023100030
0014003032414020
0023200442000000
4000100001240010
0431000232044023
0240402001343402
0020234000000130
4000030404210003
3000210400210003
1020001441022001
3020243043101040
1040040000004201
1300200030400102
0103200004003200
0400120040212000
0030301000232341
0003310002000301
0010020300300301
2300140000320000
1200000000130142
0012214330000204
0203302404300300
1430020003002000
2010300040311302
0200002003414100
3412000000000304
0102001023000420
0004040230010003
1234001004012140
0423000401003041
4130200100233014
0234032001003412
0213010000002041
0001102023044000
3201013010200410
0214103003010103
0021100020300002
0300013404100040
4301120420130100
0201013200140400
2400000010244000
4031002410402013
0413010010424030
0231304013200403
0403001032010102
0401314210240010
2314000014323040
0040420334200104
0001000231244000
3400013002430020
0300412014020040
0130234100200210
2430002402130100
0000400130021243
4300000004230040
1030324001202310
4310000421400420
1003430204313100
0013304213042000
2001000200004203
0412104000340301
4213002423000002
3204002000020030
4012020000000120
0002320100141420
2130400232011003
0200013203001000
3001123000022043
0002240001244001
0010023004200143
0214140020000102
1340420321040020
0000030001323204
2003002002410030
4000321400011023
4312200000201000
4030302020131002
4200010023140020
0200014200042000
1040003124100124
1243340023004002
0340423024100004
0000020020311020
0001010410024213
0004400100021040
0430320003212040
4003234114300200
4300000034201004
0034301203000100
3200040023044002
0001210003100043
1000431200043001
0143041000040301
0140040100021000
4100324004322010
0014000300320001
0013132030420430
1024200131004203
0030034001004200
2000102002404100
3410100401430021
0003020403422031
0340403001240410
0432020003040000
4001210010340412
1300023000130000
2310003202404100
0021003012430410
4201132420030010
4003004134100034
3001014303021034
2030002400001200
0304003204000240
1004341020030021
4100000120041430
1042241300000030
1042040030004201
0243002034100104
2130040010400020
1204300223004100
0400034041303214
4300020421403420
0104001030010423
0204300040002143
0400031440203200
0410003002430300
0304003210433000
0200310023000020
2000040202030300
0000420320310324
0320240330000132
0032000140002300
0432201041030201
0143301200300301
1040200002140000
0300400310320000
2130430000033412
1023201400020200
1304200030010030
0000421000400032
0140401020011304
1040201302013104
3012100343010000
0203304024001324
1034300000034010
0000042003020240
1030200001230200
0040042301020204
1423230000004102
2031002000000140
0010210000200201
1040201300310100
2001100000024013
0010024001000431
1324000330420000
0201002003001002
0100342010400000
4310000000011230
0134300243210200
4000020000303401
0000132402130000
1420021440020041
4300000400100140
4231010010402013
0300041042300040
0300103034202043
4100000120101020
0243431000310120
1002030001200040
0000021400011423
1200001230212104
0410000213200001
1042000000133004
0021024300000002
0014000301322341
0140040202311304
0310010304201234
0210000020310040
2000042301003200
0004000330020401
2004412030410400
0230402000022003
1043430000240001
3200400000400430
4030030201240413
0010010002010403
4003102401420400
0040041010344321
2134402010000010
2340403032001420
0400203403200003
3204000220000020
0240300003100100
2140300040300020
0302214034001200
0024000313402031
0200104220130100
0042240300300320
3004000320010340
0304100230410123
2041012004300204
3102423000140003
2010004003244001
0000410223011420
0001012400101342
0400030430024231
0341143002003120
0013000013404231
1243300100020034
0010200430010200
1423031040000142
0300000334212134
2410010000300042
2403300203204201
0100003013004200
2043340043001034
2004010304320001
0100234032100420
0034341002030001
0241003000041400
3024401023000402
0030000400404021
0040002040303210
0402000141230014
0304001000014100
4003034032001432
1000001031244230
1203340120340010
0243031231000430
4001132000020000
2040030100303004
3124200000010000
0014003020404000
2010140002414103
4012000002010400
0014400204000041
0043030204001004
0010024343000030
0103430230210000
0001000403004203
0030310413022003
2040102032104002
0000400004002134
0324023101033010
2103300143100000
0010002024311040
2010143030404020
3001002303000002
1000341243000134
0201043040032310
0023000100302310
1234302000020140
2000010004000241
0010304203004230
1042240331000201
4001000001202413
0421000420030312
0003104202013104
0340200002313124
0003321041302340
2100300203210243
3014100300004132
2300400030010430
3104420020010000
3401000023144030
2010300202300000
3401120320000030
0100301003410000
3001003041030300
0413030031000001
0400320000040120
1030401004212040
0000030132144000
0040410032100420
1203031034002104
2143002000140402
0132001402430020
2014000000400401
0020401300002401
2041000210003214
0024001301400000
0000020300003124
0234000220400400
0010003021400421
2430000440100040
3004200100424213
0020123021400012
3241003200004103
3001410000140432
4000010024311304
3000420000022003
4031032020130042
0000324141020014
0012200304200230
3100401313202400
0412203000434020
0300000201004210
3400024043202130
4310024330240400
0231002001400000
2004040202000320
1000200030014132
4230304000202004
0001403210000210
0100304020040023
0030020003210143
1204340020404103
0204102341022300
4010130001343000
3042001003011234
1302021330002401
0403034100003010
0040423010000410
0000203100030320
3200010023401423
0134000012403400
0040003120130004
0400010440101003
2040102030144102
4031000003040003
4010034220340400
0201000300041402
0041410034001234
4012210000300420
3210013020401420
0140041210340301
0002200000210203
1004340000122100
1324000331400031
4020020420003100
2014410002000402
4000100401033000
0004423100420410
0320000131004000
3400100420004300
4213102004003102
1000000320003142
2030400232411000
3010403004202041
0000400023040432
0240043220040120
0240430200042430
0041140000000014
2100040102340000
0034001004210000
2410302042301002
3201100200200004
0000014312300001
0014002323404102
4310124300000420
0201002000002403
1000002030102034
0010004013242000
0031004200144123
0400230032000002
0403230002104132
0020203400121043
2000140000020014
0120324100300304
0201130401033400
0000003001403421
1203000140020314
0130324000200413
0300003031040013
1024420020030010
3024200310420000
0130342003101200
0240143000004100
4002213400230040
0412204002011000
3004421320411000
1302201001244030
0000040300404102
3004203012400010
0040000201304300
0040010034121030
0030030230001003
4003320100140432
3402013410034000
0014013023001400
1000403100120003
0310100000212103
3000023013000003
4200004000300401
4010124000212004
0000001032004102
4210304210202400
4000204032141430
0104203100000043
1000043031024013
1000001200210100
2413032432000000
0020230100040402
0003401200002401
3000040002300042
0140340100001030
0204300121000002
0032201402003421
0100243000200003
0002000310240030
0040030200340021
0401104301304000
0210000000202041
1200432000103140
0103300110020004
3400210403004003
0000010314000310
0013134204310000
2301403210000014
0000214300344010
1340000300010020
0200010003240031
1030320041230004
0321203434100003
2100031030001040
0341400204200000
2401010403024203
0003342100320310
0014042340322040
0003400130100034
0200143000210043
3214410300002430
1430230101003204
0040043142130004
4013314010202001
0000301241202001
3014013000202301
4003200014323014
0000304203044001
0020031432404032
0301043042130020
0031100002103042
0032000104200004
4100030002410000
0010010010032300
0000104002104120
2310000000230001
4120020114320000
0010213443211000
0042020100240003
4000321010200301
3000400004302341
1004031004202143
0010003020414000
3020010010044312
2001030000103002
0430100030004210
2301400230140023
0040201031244000
0100001000200243
0432021040010043
0040421304010000
0401200310040300
1003000002004130
0430030201200003
0010010330411402
0004341200004000
0013000210340020
0000132400300241
3120420324300000
4203004024310024
0210402313000031
3040010000041432
0142403004030014
0104000023401432
3004043040021003
2000103041230241
0002210043211000
0203000001240030
1324200000313002
4310004010340000
0342020304303104
0010003000032340
3204102020000100
3010000340302000
0030014200101324
0210400200001420
3120040003424013
4001103400033102
4320200032000000
0002014300003020
2031002012034300
4120320014000304
3400020440210000
0030200002100423
4000210310343000
0030001441200300
0123031030410000
0012000303012134
0100001434011040
1003004102144130
0000142320140102
0000400234200034
0302001302300000
0001013002430012
0204001034210143
0100403113400010
0023030400000032
3021003040130042
2000001210300020
2000040330044000
0000002003404032
0300040042133042
0001104200202000
4200300000322341
2430002442100102
4120000000001032
0324241001400000
0024400120030000
0324243000033040
1020001400420030
3001123440020140
4020013000430010
3100240100001200
0010304000311020
2300410030021030
2300102032000002
1032004041002000
2030304202100324
0400004002340300
2000400000303021
0023230000424201
2003340103000200
1300201002010002
0200340101022000
0000040102131300
3140400000002400
0020103430000100
0401100420004000
0403020401320041
3420000000340012
4030304020101024
3140423110200000
0100301203240031
0010000424300102
4302010334011004
0301002301320000
2000013210230200
3000010002400301
3412214040001200
0042040000300120
3010124000200004
0102200140000320
3040040020000312
2100401004003041
0102000000101320
0230031004202043
0201000013240403
0000340043120204
0300003204003210
4001030421430000
2003031000011234
0000040040320341
1004240000004003
0003321024301302
4120020123100402
0000300004320304
0143002100344310
3010000023004120
0010200403211043
3100003143020243
4003000220001020
0401130042103140
1023030431004201
4030001000010423
0340003030004100
0040030200300124
0100340112000012
3200010010202010
0132004104200314
2400132401400230
0043431204201030
0032030441003241
1200032121340010
0001030201002003
0420230001300014
1003030400404031
1302403100033020
0241002000001402
4201002424031300
3200043223000100
3210002024010302
0020201000010402
4320010404001043
2000040002410103
1032234030000203
0004003103020400
3200042001040302
2000103200230040
0400000240030210
0310010310300000
3000013220141403
2100030230210234
1000430200210000
0001203404020243
0200310014030010
0400010403010200
0134401230001003
0213002001022401
0004042020410000
0000021014300040
4000230000233014
1023230002013140
0004401031002431
0304013000200041
1203430134000130
2000342043021200
1040001342300020
0403000042301304
3000021024001300
3014143201004001
0000210032040400
0120231400020001
3000020303212130
0001102401433012
2301042300040102
0000021313040401
2031130200100024
0023230004323240
0013104001204230
1032001041003000
0002030102033004
0314003002000423
4120021420010032
4000024004122100
1003030020010120
1324023020003002
0103001400303040
1034302040120140
3010410003001400
0200002400402010
0142020020130004
0240042100022304
0004400004130040
1032204031040210
2000342002030302
0230402000002040
2130400004010000
1023001001004000
2040040300323204
0100203100404003
0000120343100130
3100240140100003
1400000400003201
3000423004030302
1034002000033000
1340400101240003
0314000200014000
1002301001032041
2134302000120040
2041102000023004
2140001242001000
0000120020430310
4200302400002410
0003030212343420
2430004000001324
4030310220030320
2130002100101203
0400031002404132
2001300043121240
0012020001300300
3002020303002430
3024200310404001
1300400330240400
2410000242303104
0132000404202040
0030004100033120
0020210400000043
1030340243200043
4000124320340012
1324000001300001
0104241010420031
0102031000033000
0400230002100100
4100004102343402
0021100001303002
3102001000300020
1000004003044002
0420100043102100
0000043002034002
0231000220133004
0400314240131020
1000300100020304
0401204003121200
0030032400003402
3014103200002000
0020023024030040
4300124301303000
2014140340003040
0324240100030142
3002400010202004
2400010040200200
3412103000012140
0000002000122130
0321010312303010
0143000003001004
3002040140030020
0030041241232001
0000204030104032
0401124000000312
2000100241233210
0310000030404001
0002040003040210
3021100440120040
3014410013400030
0142040000244003
0041013032041003
0310203000033021
0100032112043400
4300000404200043
3024043002101340
4100000023040030
0020000100402013
0020021300000431
1004020124030100
1320021330002030
0400020423000102
1000201000404002
0420010400131040
0010124003202004
4231100204000104
4000300023041000
1200040040102143
2130032102000000
3000102023144102
1200340040022140
0130032112430010
0104043003424013
0403030032004130
0003020023410002
0024200012434002
3002240013000200
3124401010000401
0203301220044301
2000032030021004
0130302042001042
1240002000000012
1000341240010104
4003230000001432
2300410010300000
2403104230000030
3400020440020100
0020000321340000
0040001331240401
0120423113000010
3000040010004230
0240412000000402
0030430010433012
4130204130000000
0000040000404312
1240041200040000
2130002104021043
4023020003400001
0400304000001320
1200000003122143
1400201400003042
0124040143020040
4130031034200043
0124040313000231
0003100441300200
0120203000031000
0210000013000401
4010004004011004
0004400304000140
0024400020130342
0403031040303040
0230010223141000
0031100031000010
4030301020401000
1030400234010100
1032030140130024
1234301003202100
4000020400032300
3014410004030041
0002123040202103
2034031014033040
1000023130000010
0001102300000130
0240010003040002
3040020310000401
4103200114303200
1403030402410100
0301023434002003
1300200040010142
4031304020000020
1003431000003124
0100041300044020
4000132020030102
0021124020043012
0413304240001204
3000023000430300
1003042100300000
4310020300343021
0003032000120004
1204300203010100
0000430001040021
0043041000002104
0341402000000034
1004021030402030
0010004302343020
0020004030140430
4103000134101000
0401102042033140
3241012323000002
3214002300022401
0420300423010002
2003002040311300
0030300240232300
0430300042000340
3000000300212030
0043000103020030
0300240002133020
0030130401020403
1400000403410032
0402230000200200
2001034201200010
0140432012040410
0304400124130040
0012210010033421
1200300020404002
0200400214032304
0200102030020400
2003002012300002
2000134200100120
2410030231040001
0030230000033040
2104042002001042
0400024043020000
0300000001323241
1403004040020214
0000013002430021
0402324000104103
1300243000020210
0004002304300340
1020043100424010
0023001403402430
0002020304310124
3000400210202310
0301002330040032
0321003401400000
4010004034010004
0030024103044003
0140400304300324
3004000300004201
2400314010204203
0030031001400401
0300020431422013
0002001024013020
4213304200300024
1000000401022301
4000100304300100
0423301000300341
0010402000022001
4020023001403412
0132230030001000
2000410210000040
0104302112400000
2403100440003001
2004002000000412
0200010000042403
0001030231000413
3000010300120030
2410002000004001
0120000003140400
0000201300303040
1004041340013042
0000200330200204
0401004202033120
2430002400000210
0010304000300301
0003310213200031
3010003200014103
0013014020001320
0023030004100234
0004010200411400
3000213413024010
0142043040000004
4000004013240431
2000400330010400
0341100000240003
3040020004301020
3001000020000423
1203030031042000
0030020010202040
0030340012404301
2040100041033200
3040240302000321
0400230030414120
0002003131000003
0103341210040001
0043000200010204
3102400000040401
0004241342013000
0000301201230041
0420213000100000
0210412303420001
1243040003004132
1240430201242000
1020001332010002
4000010003411000
0420010000420003
1320420301000431
3042020013042013
3200013020030000
3402000002400021
3204400004300000
0300200300003124
0040203100030024
0143031002000020
1420301440300041
1003020403414100
0201012300000030
3102240000040203
2004031030400003
4320000300140432
0000210440001043
3400210013424200
0234302120430300
2004000230210000
4320204304001204
4201130220100100
0204400004200103
2100001200404320
3102001024311020
0001210310003402
1423000101304012
1342203100200014
2001300013240010
1042400004202030
4003204030120234
2400012442100042
4312020320300020
0400320003044032
0000031404200240
4213310003200430
0030204102040023
0003030014300200
2001100201244000
0000000200232314
0134300043011203
4023300100300000
4023004004302314
0014010010230241
0012120021000421
0210130400420031
0001100440130000
1024043102130040
4132200430000003
4031312003002400
1023301420410100
0200000303014032
4020321003002031
0002010034210200
0003340203002034
2300400230001020
0200302003020104
0340403202001400
0421014302304010
3020120000322004
3401010000101000
0134032030101240
3004142023004130
0000400012303400
3120003003001000
4000231432400430
0320001320313100
0034000210404320
0000004020144120
0102034110003200
2000013204203214
3012200002300320
0400210010344000
1320000140103040
2431002431004003
2103041200000000
1402004040000024
0321003431002410
1032000041200000
0100340110004012
0403234041303010
1000430134020100
1240340100100004
0000004002310304
0030304000032010
0301142002104102
3124240010004012
4300104034022004
4013000034200104
2013314040000004
2001010032040002
0023024001004000
3021014002000300
1234340040030301
2430310402030340
3024403000402413
3004203012430012
0104000014203000
3100040142001300
0012003443001240
0010300402011342
4010010014030241
0030302013004003
1420200001300014
2001000242130000
4000300003011002
4020030030411032
0043041012044001
0010400234210043
0340010204203010
2004040003404203
1300421004013140
0003021020300340
0023231430000231
2301003202004123
0312200430000243
0000400320011324
0302400301200001
4310004001240430
2310002302303042
1203030101003400
0400014240001304
0023304023000002
2100002012300010
0024240332400130
3002000003212130
0304400104133000
2040300012040310
0423030401020200
2140302040121000
0042020101040000
0140030004120204
4210310210000000
0032021000410403
4030234030000423
0004042000100043
0010102040323200
2410002040000142
4010104304000000
1002240000004201
0000040013024030
0003301440302300
0034000021434300
4010302414000041
0042203140100300
4120030004120200
2031000200004200
3000120421430001
0001020341302310
3140040000044003
0000402314003040
0234400020030421
1002423030002403
0310402030401032
2403310003000230
1304401324300100
0000031010430021
2000000400310042
3040000003242401
1000304040230314
4100001000410020
0010100430014132
0142043113040000
1300403020103000
1020000341000240
2010402004003240
2030312402031040
1243301003202030
2041100201003000
3000010300100204
2431310000001304
0043000000040321
0004042341300041
4200312403420001
0103001002300420
0200000200012043
0020103000403400
0100021313040430
2000030110343000
2410000040001024
4001130230042013
4130034000141403
4301020431022003
0040040000023214
0204300103022003
0030012043021243
3201040043022100
0000400023011423
0030300110004013
0241042000040132
0000010304300310
4000214004023000
4000000012403021
1400024023044103
0300043201233200
1020230401420201
3201040201230300
0300403130240403
3000103421400312
2040143200000124
0040203032140123
2431300400131300
1234000220433020
4020301400000400
3000240142100304
0004143000014123
1020024023144030
2140340013044000
3200140300302000
0100324104030304
0400312002011000
3200000303041002
0340043240000000
3012104340010030
2400034230044103
0000241043000034
2010010212344020
0021014010003402
3241100200030314
0102030000200210
3412210410000301
0403201042010002
2013010000001042
0304403000011000
0130000212000001
1403000040300014
4001300404100342
2300400204000010
0341043002103000
4201100401420410
3200142001322000
0000340001032340
3010123020430020
0000001013000431
0030014200031300
0400014202044301
2034041210004001
3100423003420403
2103340010304302
1420000100120100
2314042031020030
0030234102033104
1000241042000104
0034030000020240
1400020121004002
1302400101200003
0020300120141432
0401020023004030
0000004100002314
0040143000244000
1300421324000104
2000002130120000
1040020031042010
0314000300010130
2103041013040230
1030230401030241
0201403004202314
0003004130040032
4130000024100000
4000304104020314
3004103203000000
0420013400100040
1403000003020130
0023230000013002
0400324103044032
0034402130020000
2003031000210230
0312023030000103
2034002102000400
2040030210340021
2103000040000230
1340040042103120
2401300002100000
0000340000434310
0200004031200013
0030001414202301
0320104001343410
0300010312303400
0000020000202134
1020243140003042
0031102031024010
0043340000201004
1402230440003240
0210040223414020
0042000004002130
0230030404020043
0004140040000142
3204040020414003
3010042320004100
0210010020001420
1004240000400203
1200431230002401
1034030000003401
0000123420430001
3420023001030010
1004400221030000
1200002101000302
1000430030002001
0013030031024000
0403000041300341
0000012424030300
4132230032040400
3040023020000400
1032231000010123
2400100002000124
4010214000000234
0010410014203241
0020020020303010
4013314000040400
2031030000400210
0003000023010132
2143000000310300
2130400104100240
0024420100000400
4310100021003421
0000002004320201
0000032401424200
4002023021000020
3000003010232304
4100304023041032
0310412014320040
3000214340020230
2103302043001030
0420210403100000
0001003421403412
0100200104200014
0401123000000300
2030010440001203
0010020020344320
3140041003004031
0000301441202341
0403002442010002
0203340120140000
0000102340303204
3000003142131004
0300413032011420
2014042302310100
0321100001403012
0100000402001430
2010034030000030
1000203141233000
0400010012430020
0214000004032341
0012004300000301
1040040000210030
2140401000210234
3210100041002300
0400230040200214
1423001032000102
0341013010033014
1040002021343012
3000400020100023
0304000004323001
4200134200002134
0000130001400412
3000014040211034
0302201001004231
1000321400000001
0030301240210000
3402104300202130
0300214030100430
1043032120040002
3020203410404203
0102020013000030
0012210310000400
0230304013242003
4130000100040020
0000003200410423
3102003040100004
2130302102000342
3004040103100200
4200130000200104
2040401200303020
4000104001200030
3200140000340002
0143000212003420
3402210000011030
0423004100000004
0312120031200031
4012004321340001
3420120400020143
3040412303041000
0402320003010103
0000014012304000
0014042030404100
0010002024310302
0004243110020013
0410032400010100
1040000331200000
0032031032004103
1304020031402401
0421200040000230
3241002320100002
4302120300303100
0001003003100143
1034000034002040
1204032004133040
0020000302010042
3024243040001043
3002000000011024
3000142341002010
2304040030400030
2143002100020234
4200134031240400
0020231000020031
0200130430402001
1300001030002134
0003002400013040
0140031200000200
0013302013022031
0003102431400430
2040030204000034
0430002040000043
4301103030100043
0000102323414002
1000031234012140
0040241301004201
2031032001000010
3000410210230304
0130000402400020
0231130000100104
4132020000140420
3200002021044312
3140040040100324
0120023013402003
0023031040310100
0340003040030004
0300210000000243
3420120020430000
0002000013044210
3020003000002143
0034340040000300
2000130440323040
4100030004003204
0341000304300210
2340000231000010
0023030130000130
1320403000133140
0203010413022401
0041143001233200
1300203101000000
0410310012304301
0004341020000321
0103320000000310
0342000004033000
0403020000304002
3102203040130004
2104300040000043
1043000200012030
3010400303400430
3042001324311000
4230012003402403
0204030001030021
0230010010400013
0034342101034002
3040201000004001
4312010404010203
0431000200131304
0340400001303001
0020004312344012
0032300423010403
4123021003400001
0301100200103000
0021214330020004
0003402134002000
4002100004012100
0120001300300040
0201140020104123
1200300040002301
4100000010300041
0004003000433402
4310100430200140
0030031230000100
0410010010004200
0201002404033042
4003030104020030
1000030031202001
0301123004002003
4000030030002143
0023234010323200
0420020440022000
3001003413404200
0243002020000002
0200004023141423
4001300003422400
0000301240211243
0030002430404013
0030010400420413
1300020004313042
2100431010030000
0143030110040400
4010310224000004
0020124030100004
3000120003200104
3124201000404000
0020031002010130
0123030004121230
3001023400022000
0012200002043021
4000032000122143
2400300442130040
0234040003200003
0132230410200041
1000000040320310
3020243042031002
2314100030004100
2340000032000123
0302400120133120
1302200000130100
4310200004200040
3100000010400231
2143432000121000
1000340001002300
1004200001004213
0000000212304300
0123304000020014
0020213443020000
3204013023400023
0002204030244000
1300021324310100
4100201000300201
4210104000200034
0230002404100042
0430321401400021
0002324020041023
0031100204130020
0030030102040023
0402020443012140
4002203432010020
3201140041000314
0310043030404000
2010100232010020
0300401324013100
4001310220100020
3001024300302014
0300003000001243
2143031000000234
0201103241230010
0200400220411020
3020020043020100
0302200042300020
3200000310020310
0003000000011324
2100340003120230
1003201030014002
0421020420034012
3002023400000040
0302401300012130
0003004004320010
0120320410002340
0014010223010023
3420100000020010
1320040000420001
1034002030120143
0130324103042400
0231000200130120
0432030032000023
0341100002003100
3002020000010023
0103001200044000
0134400100101200
3100021000422401
0000203143020003
1000241301000000
0314403210000421
3400013042031042
0001000001202403
1200030131420403
2004003234200203
2014002032000102
0401020443022000
4003200032011000
4002021404230300
3000014312300300
2041410004000000
2031300013240010
0213000010242001
3421100321000300
2043300140120230
1040000001233000
0241402004300300
4302000302303021
0400200410024010
0034300010424010
0002234130100123
0000040330100102
0002030440233241
0412000302004301
2104401202001420
0000004310344001
0243040001022010
0432234000044010
4010004024310320
0000204004320200
1430300023000000
3000421004011020
4312200400000040
0130300020010020
0412004003002030
0130030032400400
0003000132000430
0430310200101020
0020401331400030
4021010000001430
0432000001030300
4031000020000102
0342400034010100
0300042302010000
0000004023100403
0030030004100042
3214400220400403
4302004300211004
4010104030202130
1230031020000400
2000312002311302
0340412010043400
2004140340010002
3020000103000203
1340201030004200
0020031400404002
4001104024100020
2134001010030240
2310000040323201
0010002403001002
0012203003010240
1030204141030210
0024003000004013
3000001342000004
2143030000211000
4230010204131004
0214100021430000
4003102024313002
0004341240012140
0100432102030012
0001012323141030
1000041203202003
0310003032404000
0231130220103100
0003300000420201
2000400002003401
3001020440122003
0024020301400431
0002120404200100
1000001024013100
0204042301020000
4000304204100324
0324203001024200
0120421310022000
0314000302313100
3000423103000403
0100420324310320
0241400020000030
3014142003004032
4013000221303000
0320000304000234
0120021323001400
1042041302010000
3000120300320014
4000200430400430
3000001313002400
0020124300000134
2403030432404100
4001104300120130
0030020110000013
0100001240310304
2043430014000210
2400102402133002
0204102023410002
0130000103100200
1000023131200003
0001014040131320
0204013000001003
0001010440001300
3024023113020010
0420000400313000
0104023100020410
2140400204201000
3001003400434012
3040020004300004
2340100301300000
1000320040002043
1432204000230000
0413310013404030
4201314010030300
4201030030200003
0042003031200410
0100341000001200
0000321441022040
2140040042310004
0003340000311320
4300003021400400
1004000001402410
1000420300000024
0014142020414100
0000302413400000
1400030001023210
0204143241030300
1043001043000000
0013000010020341
2000310242031024
0021020020000402
4023030000400032
0001004201000210
4010002430422430
1040032001003402
4003002413420031
0000003440122100
0010003403011243
0042420013002010
0034430104121040
0340142301020210
2000300403400031
1004203030404210
0100204104200010
0210003240000003
2400000242303100
0040400300311300
2100000230011400
3241410000100402
3104420010020040
2041002330021204
0240000204010024
3040403213040403
4200030431000031
0040103231044200
0001010004303204
4002120000000021
3400120401000310
3002123420000003
3400003000100340
0032034100040023
0413032032404002
0003402130020100
0013300013002401
0030300221000301
4200014023101020
3402120340010100
0000402010400410
1000301220014020
4320100004122104
0342200300044200
2341010230140400
0321003024103140
0031010402430312
4200132430120100
0000403020101420
1030030101044210
0023321420404030
4310210030000203
0030321400411420
0000213004011243
0210314004010004
4021014012000402
0041102040322000
3120240000311042
0000400131022013
0403020041000040
2310402004023201
0410013012004021
0042001312340320
0000043240200040
0010130040310142
1300001340000124
0002421034202034
0000032431002410
2400000040100024
1000324141002300
1300243130000000
1000200441323240
0020201040300300
4100030414023000
4010104230200130
0030000400131340
0000100431422000
3102000312340020
0032201000033000
4030004010230004
0003002404003140
0300423031242003
0420031401020241
0000030202343020
0013032430004000
0302023130242400
4301103400403010
0024001300001300
2401312410000310
2001300200204003
1000032134122040
0200042120034302
3012010000044201
0200041020040300
0010000221340401
0020024320300400
4320024300003410
4200134001040001
0000340143101234
1003001220303024
1000240000424000
2100040212400000
2300000002044003
4200300224101024
2000032430000132
2134001212000001
0002210310043421
3010413203401000
0201134004100124
0042001000200031
0230030031400013
0040300000211234
0100020000310024
0004002303410002
4030230000000014
0040003100103104
0241402314020000
1423001003004000
3240040000100004
0420004100040100
3214000004202300
0000023000042403
0300003034211240
0402003010430301
0321000000300412
3010410200202000
0401034200004123
1300203042100002
0420000440101002
0010012000320241
1030201030010003
1400000123000120
4003030030210130
3214003010002000
2010302413020000
0400310002031300
1302421331002000
0031014224030300
2000000002130120
1403001430024031
2010010000210240
2401310000044000
0003310400000230
0241100201200010
0041002030144102
2100401004200000
0400321020410003
1024400300020430
0040002000140132
3010104043012100
0400124320340000
0123300400022431
0024421004010000
0200010224101300
2000000402000342
2400304240000324
0400304100104023
0300203100000142
0021100300100034
2010402004003041
0030400021000021
2000040200230201
0003100430420401
3241100320104100
4002103400030000
0301002304000004
0000214000244231
4103024010302000
0030400200002103
0204431200200043
3001002004020314
0004300120434300
1423000100144030
0020104034002000
0204003210032341
0200003200000123
4000104020103124
0043030130000432
0234040043212040
0400004043000230
1042023000002013
0204032100100140
4000020421430421
0003231430424001
0000134030004003
2413300210340300
0301103421003000
0002210002304301
1203402021000412
0000104043212130
0413010410024201
0203340221300001
1000320400014000
0203012404311002
3000200113040203
0002041342001304
3401003010434010
1032031002404103
1000002024033100
0300000330414100
0041403214003204
2000340010344310
2041010030100000
3004401013402430
0002010343200000
0213010010000400
1003230101020210
0200432120043402
0020103001400010
0030300043200143
3000104340002004
1342003004000004
4000004130020034
4020010300320004
4001304220101004
4210030400300042
4030010204130304
1034340003202043
0013100400010002
2003340002301304
1042200100244013
1003000102004102
0002204300011230
0400214043100230
4000001400033241
0204042043120043
0243030030000400
2304012014300240
1000004141000010
4023000400322041
2030000210430420
0032034130040400
0034401002033021
1030040203200140
0021010000344300
3402200003200231
4003021400022001
0023020103104002
3021210000021030
4230010203000420
4100304000101400
0020020103020003
0300040002010132
4020000030041030
3024003100001342
4320023030020043
4230132024003100
0310413230410003
0004143002414003
0123230000300012
1023204000040032
0403034242010000
1000301000000132
0320120321003012
4312014034000034
2401004001204210
0100030202300020
3241410000000300
2000010014203041
0300010410003401
4030300003000423
4010000404022001
4102201030410403
4001300220141023
0001004024133120
0000102431424210
0103002010003010
0004001230010043
0213302403000000
1000203130040020
1000340243010104
0420320100002134
4310010030010000
0000423103000010
0010000232410420
4000000114002314
1000021401000340
0100301003402400
0030301003010120
4001123004120003
3214003000202000
0200000300404032
0043001003010204
1402320100200014
0003324120001400
3400000402030001
1204001220430401
0000431202343401
0000021300240431
0100324104100004
4103300010020300
0002004343210034
1302021031240030
0102021003000400
4000100020303021
3002020401430021
2310103230404020
0040301200004300
0000340201344320
1004041330020030
2431002400000340
0100042003420203
0130200002400001
0000020013022401
0004400300311300
0304020001022001
0301020000122000
0040000004121034
0130040200210203
4002201410200200
4012000001240000
0010000032400132
0012003400200243
1004040223414000
0041003000030104
0203300020400400
0001010024030304
4132324004030000
0000400014300014
0200042303102104
0320401004010002
0140040312044320
2431010013000013
0200002101003410
0400000410404201
0240003220144023
0002024101232304
1402200001000214
0041012010320214
2000012334001234
0000420123001420
1400001430004000
1043000130002104
2001130431000213
0401000320100002
4201010200131304
0300000330101032
0040020101200403
4321010400000043
2413004210200230
0000034132140000
4003230012340010
0000410210032300
0100231414300200
0020003031002403
0302004001043421
0103000132140432
3104003013422400
0020034030004032
1000001220400021
0021000000044012
2104000003021243
0310103200230040
0200104231000003
0230010400030340
0140340213040230
2010000332000032
0004012332410030
1342043042003000
0040030000100134
0000102320304012
0000140002004130
0001000330104100
0400120300144130
4213300404311000
0000310440010040
0020210030101200
1043001204003004
3021014000040302
4001310420131002
4012003001033021
3102003110000210
1000020020004302
1320000034102103
4100000434010240
3004200100000213
0400104202003000
0100023104202314
3004003104131040
1032301020030001
0200012423401402
2001002041000004
0104421000300000
0324203002033042
0021003001003010
0400130031240203
0012120003010104
1340041000204200
0402000040200241
3000200000201230
0324003040133000
0310023030000103
3040203102131020
0300000000140432
3024420303000000
0004240110424013
0001140002104120
2413134000200200
2430030430400210
0300423130000040
0120040313400001
3010000321000320
4210030024000100
1432000102144000
0100234004030000
1430000423404020
4010312410022001
0001002032000130
3000403213000010
0000231400411032
0140030030211000
1000430120033012
0102001000004201
0324041000010000
0003032130000030
0130320004032300
2403000240311320
0310040031420230
0000001400212100
0420000341002000
3421000302304012
0230000030040013
0430102402130042
1432004100230210
0000403100040420
0000034021343021
0304403001430000
0421010300344000
0000040210304321
0130030102033000
0040300103102034
4001000000120130
0000030200103104
0100000404032300
0004013210203241
0102003002030304
0340001300200030
2104432012003002
1000041201000040
2430310240000004
3021120303140002
1002043042130104
4021003400030400
3100023104101300
0103304014000310
0324043100103140
0000142300000132
1000200440303041
0020031400023041
1320240330020001
0200001230002030
0002200310303400
2431100240003100
0000413230041420
0041103001200014
0200300240012000
0104001202030020
2000100402013000
0030010042130342
3002020100040410
0400130001400010
4002214000011004
0104430004021240
0103200034100034
2030012402030342
0034431000030400
0240402000003010
0002031404011240
0030341000434301
0312003004200003
0234001030010043
0400320141000004
1043430121003002
0403004041020010
4000234002040023
3140200002100020
0030300010420010
0014043230010120
0104200002310040
3010003014230300
0032200000140003
3420104300004012
3400214000021234
0001130042033040
4020103024133100
4000002400313000
3102003000031304
0320421024000002
1240430034100034
2000130400404203
1000040040300140
1000020324310140
0030302003101200
1004000140120003
2413300200001320
0004001221004321
3204000041230341
3014102340002040
1000241300010120
0031002010400003
2400000440100243
4200104204130104
4030310020030000
3104403104130300
4013000224310300
0104031212000401
3012004001000020
0200010420031042
4010130420313002
0002000440000243
0120200040310340
3124400100002403
0043041000211230
0201004210040000
4032021020400423
3012213002034020
0130031004000201
1302040040000200
0200002020313042
0004421003402000
1400020121040302
0132000000000243
0002400130200010
0302020021343401
0000423100020410
1342020100242400
0032031402014103
0030000103100403
0300000430120243
1200401220303001
0003300240010304
0324000004022103
0430302003424010
3410013440200003
4100034004200000
2000032130121240
0004040243011243
0214100041030340
0030031034210243
1000400031422031
1004243000100102
2413000402303040
0021010034121200
2040431004001004
2010012400010302
0300241000004231
0003310202004300
0010010030200243
2001004010040210
0000201432004000
0013102031022430
0204043243002040
0000000002104132
0312000300303000
0010042300410130
3420000320300010
2010000001200230
2003034000000031
1430004000044020
2304040301300241
0000030130121234
2100430030011230
3200400204000001
0210012010300001
0200032004100140
0002420324301004
3104021020010042
1004040000202100
0000142300140032
1000240042000100
0430000101200004
4231100024103040
4201014210200003
0003030210300420
3000004002340300
0213010024001042
0020200442000142
0102004104233014
0040000000230214
1040432104020034
1430320040202001
4030002030002003
0142003102031024
2400000213240001
0130200002430001
4213000000022000
4000312400022431
3020021000002001
4021120001343010
0300102340300041
1002234040033024
0000213404100200
0304000024013100
1032230000244003
4321023024003000
3400100021044300
3004240143020203
0001314010002004
0400314210240013
0340000300300204
0043301200300320
3120240000420031
1003320400414102
3104020300320340
4001010314320000
3210103003400020
4012014302000000
0200301243200143
0003100000242430
0420003400120000
3040400023101403
0040400004010130
1020000301020240
3200412010020431
0201400023140400
1234000030202100
3140420103202000
0010034031040430
0213004000200031
0020201410023201
1002401000300124
0310120000000401
3420103021004302
2003041000340001
4002004003000410
0002030004003240
0020021013420430
1003230032404102
0130002030101003
2431300043001200
0400014340001030
4003300003200401
2040341202001024
0040000330140130
0014010004001203
0300003000003124
0000240000204203
0300002332100130
2104302010400213
3104423010022400
0012000012430401
0300243101000203
3000024340120134
0301010304323204
1040430101340410
1023000000323001
4302100304010134
3400003440100243
4213002000301002
3401123400430300
2310012332000002
1000301403012103
3020041303004031
0342421320300020
0040041312000320
1000240041203200
0214403204200340
0020420024030340
2010040240230000
4103230032410400
0004013214200241
0100030200043401
0023300424001342
3004140023400000
0312200414000240
0403312413000201
0012120304000020
4300120430012103
0000401014200200
2003001002043020
3000200002130004
4010032004313040
0100032012033002
0030200412030421
0401103020030010
1204301003010023
4103034010023000
0004142301000000
4100230114230200
3002123000010140
4003100224013000
3000000040130024
2000034200203204
0010300402310002
1402020001000004
0020423024001340
0024040100021243
2310040002404120
1032000000000123
0000400010043421
0003000402410100
1002001301000001
0302240030200201
3120200143001003
4200000024310000
4031102000000410
0230001020414103
0031302024031042
4032024104002310
3021120301002004
3040142300100130
1320423000003402
0000020320310120
3124000100100000
3140200300244000
4100201432010030
0413000001400201
2034342100020203
2014000332004132
1000003130040210
0400024140202304
1000201330200000
0400204141303014
3100001310320301
2030001200210243
4100321003022000
4020204030021230
0030231400400100
1000002130022000
4301100000033140
0023024014022300
1002004101230214
1200001240000040
3120003000130000
2001102442033002
0004301223410120
0002304000030014
0003204004120230
0400234040230214
2013300442301300
0430034000140100
4032000110200403
0402120020344300
0200004000202413
3001402000141030
4102030102101403
0023004030140000
0304023031000010
1403320003404032
0004342112030012
3042201002000000
0240400003041032
0403030042300124
1002240300000030
1040431024000004
1200031234210100
1320400320310042
0420020320300300
0431130000033104
2030002443020040
0002200002404120
0430004200130000
0004041001030300
0040300243200130
1420300040020300
0103031200343420
2431132040100002
0204412320300302
2040010004120000
0300002002310140
4000230032401403
3000000241232301
0410013010430321
4010310004322340
0102300010000340
0043300200202100
0413100441320001
3000103020414100
0000203112400000
2000041040310004
0030402020400010
3102003110230004
1324240040033100
0210300220011300
0120000013402013
2430010200204010
0402004020140000
3020241003404001
0300140002004030
3000421004310042
1400234100240010
3210400003011023
0043430020003412
0000420031402010
0400234000040030
0002021300202431
0041103042103020
2140432110000410
1240002100122104
0400000431424010
3200002003000130
3124001300000032
0310142300000130
0000241031044201
0403201032000002
0030300002101300
3004000110004003
0100000010024031
4012003000001420
0312000421430020
0203430101003012
3402010012304021
4013130001043021
0001300000024210
4021013030100040
1003204132100102
2001000040100342
4031000020031000
0000214310344012
0031130224003024
3201042000100134
4300003421400001
2003100031420031
2140340000311304
4301020034120004
3002120301340301
2000301240000200
0032020440000040
0104423124000302
1200041200010104
1200042003120143
2014000300410032
2140401002303420
0010310424011302
0041000332004032
0243000220000300
0402003401232000
0000020123104130
0413000031240200
3401024043100130
4000100030122104
1430020421400300
3000040300100104
2001002312000410
0100041313200201
2314002330401400
1240430000043002
0003134201040231
0040040000210034
4321024021040000
0031304020140423
0000000004131024
1000231401020000
3102041300244200
2040100301003010
2304040030400123
0100241300420030
3002243003040203
0024040030400032
1430201400400003
0000321021400301
0342043102030024
1003040020340300
0040040232140100
2040340112300300
0023034100323210
4231102400000402
0041403002140403
2134041040010203
0000004223040400
4013002020310040
0020041042313100
2003430032141002
0130200012030001
2134400000021043
0204410000020030
1320021000422430
2000032004020010
0002420000303421
0001400002040023
0010000300044301
0010043041003241
0300120400103000
0014140003002103
0400024020344320
0420000402404000
3241142020340000
0314003201030240
3140003013200413
0032004104032014
4102231032000400
0030020440232340
0010030031200231
4230010210002314
1204300000400302
3010412303401030
0412210040211040
0320210004023214
0010210400001003
3400000020034310
0120034002303412
1023000032140032
3400100000140002
0000100031420413
1300041032400132
0203300423010432
1020040331000201
0130000010420210
0001004241030200
4001034230042403
0420210040021203
0230000200002041
1000302001304312
4301000312343000
1430200040030040
0000010310303040
2413102001303040
3412204002300320
0200300203040403
0000300404030340
0000000410402013
0004020121030402
1000240142033000
2403004003044201
0400010403001003
0204002021034000
4000010012303421
0040421013042030
1004000100102003
3024200110034302
0010014310244230
0004301020034021
3004403024001040
1020023131020013
0104431002403000
4003234000100002
0031010013002410
4000230114000004
0000230000010132
1200001230200143
2000400230000403
0004413210032300
0203300200202430
2031310010000000
2310000300300042
0002401000010034
0000240100033004
4300023004002103
4013000404303102
3040020303200031
1302420001300001
0104040042031302
0104032000001203
0000321410200040
0200100230040413
0004100031000231
3210042001320300
0400321420414020
4031134004033100
0342000320343401
1230342000400302
0040040220040321
1040240331000030
0401204312044002
0124200302310340
2401132031020000
0002040013240200
0140040203204200
0001100420133002
1204000200404021
4300020320010104
3000104000340310
0004401024010100
0130002110420013
4310213002001400
3020213003020003
2300142300003200
3014413000030000
4300124000340410
0240041020340000
1430030400200240
0032200030400103
2430000002031324
1003020441022000
1302040040303004
2103430012043400
0403024000022310
0010020020304320
1320420331000430
0032020010230340
2031002402100000
0003042041300314
4031010420000002
4000300004301300
3020004003120034
0020000031004201
0243000204303004
0041140001203010
0010104320300124
0312000321000020
3102240110044000
2400300242310300
0300120021403000
1024041041023040
3000410010030340
3040100301302304
2010410002411402
4021004004122130
0410134040300120
3020000110024210
0314000002411000
0103430200040000
2000040003021034
1400004100104030
3210402023001430
4210302023010000
0200040041302041
0020034132104130
4010210012300000
4102020010232040
0040041040010104
2000002002033100
0002231000000243
1000030100320004
0324241002310002
2004000010403412
4320014334100000
0200013200031320
1000030400020201
0432000420004123
0040002104001200
0231000020001300
0402230001044000
0420200032000030
0100240140000002
2341042000003214
1030200430004003
1342040330204000
0304103201000041
0043342110004310
2100041200200201
0100034100200210
0401134041000210
0000130032140020
0342240002030124
0002401321300400
3401003410020200
4000321010030000
0130042142030340
4002020100202000
0304000032010002
0400010002400301
0300014012003400
2000002341020240
0410100440200103
3420204010300010
0300423100030402
3140041002000000
2300040201233040
4003010003401400
0034000221033401
1000041302003000
0042420100133120
0041000004033210
0402230002030004
0040003000144020
0400310040011002
3000041342311002
3214400003420401
0000140000232314
0032204000200004
0104000103400010
0231102424003000
3020200102400012
0412010443000240
2010412030400402
4320120004100000
2431102042100100
1200430104020104
0000004114230000
0002004300004301
0230000024130000
1004240032414030
4100030002430000
0100200010040321
0200000223040103
0240402000002030
0000231032410102
0003130402010030
2004402300410030
0000241331040230
0100200032040400
2003000442300300
2003001202344021
0004412000002340
0034040140022143
4213014010002031
2004040340313002
0000430204010100
3100240302311002
0200103203044123
0002204300011004
0004300021430000
4030002404130142
3010020021040020
0100300000210204
0413134000040031
1002204101200203
2041000300303412
0413000003000031
0301014300100002
3040040300044000
4000320123040403
2034030214003201
4302000302343400
1020000341320200
0200142303404030
1000403100130000
3400100021434001
0010010004211004
4010304200001024
0304040340003240
0003402100101230
0401000043122000
2003032400400032
0031104200004210
0124200340301000
2130342000120043
2000401202303400
0134000232010423
0301104034100034
0400001020004102
2340000030140030
0204002104102043
3201040001000002
0402301000430020
1030040040212000
0040030130120134
0142243000044013
1402024020004103
1204340203202003
0304012010020040
0103042100100030
4001004300003012
0100340000420010
0410000202013004
3100420003401400
0342020130042000
1423301400300340
0012213012404001
4100200000200204
0001020000303410
0000312400101002
4002200014230041
0020010004323000
1234042120004000
1042200300244031
0023230030121004
1003230430004030
0020401301022430
0342000330044200
0142400320001324
4031004001242403
0300020034122040
2000000230044100
0042241303000031
0300200412433012
0010000010403021
0000004041323004
0401200303121034
4201034220130100
1030002020034002
0003031224000000
0200342000430000
3100400010000340
0400003420000321
0032320000000320
1020003120000040
0043042043022100
0210000300404130
1030304040230314
4300100404102140
1430204001203200
2014400302001432
2300013000230014
0103000030400430
1230030031000400
0100034010230200
0304000340323041
0300003101424010
0142403100202400
4031300013002003
0020021400002040
2413014203200200
1200042101344010
0401034231240200
0102200100000210
4020214300300214
0132020404232000
0030100020033010
4020230400303000
3120420304320300
4321000032100430
0010103003404000
0421124300004000
2103300040100204
2030000242030324
1400320401000040
0030230030100423
0402030032400020
0230100000002410
0002234032101400
0230030200130104
1004041220400301
2010100032014023
0000040110000312
3014142023004002
0004342143021040
4300213000000410
4302014002340420
0001002300000132
2143041010044030
0314012300003240
2004403204200201
0042240000044231
0104342102000310
0132001400400020
1400201430404020
2041400032100023
2431030030024000
0010003203210003
2400000440021240
1000430220030420
0000034100020204
3104041300024031
0312010400210000
0030000420400402
2010010032400003
1324000000033002
1204400000433421
0243340221300000
3020203443020003
2310003002000120
2001012010000003
0031310040001004
0004040110424013
0342043140003210
2134042102100300
2000401034011040
3420120420030300
4012103000033001
4103021400300342
2001402004320214
3000100240202040
0240000323101400
4130321020000020
1324420100100042
4120020120140430
0140020313202430
3002203110004210
4100300000001402
0430234102040103
3000013010030002
1320000024010140
0002104301343401
0030004013204010
1234302100100003
0241000003002130
0201304000000304
3120000002031340
0032004100233010
0031004220030124
2430130002000104
0130004020101020
0004012032401000
3000013000434300
0000000040233041
0012203043200200
3142001303240030
3240040020140000
4000312403022000
3410100040000100
1020000131024010
1043000231202001
4000020301000021
1342001002310004
2041010010040412
0413030442003100
0142000013244010
3000210013420013
0200340240230341
0314142030000231
0000324100040003
4000004321000401
3124040110404002
0400300040011024
0214010320001302
0304000032000402
2041142330040002
4300200000011200
0001000034120200
0030004142100024
4003100404003040
0004401234210043
3120000100000342
3142401303042000
2310400204233040
0004000200410423
0302120034212100
4023030110000000
3200103201230001
1324000020303040
2001013030000003
0002010402030020
0003230112003012
0030034102140000
0000310210200200
2431310200100320
0213030000422430
4001000010020410
0000023421030401
4203310414320000
0042023131242000
0340201300200000
0020103403020140
4312004300343020
4001103420000102
3010203440200203
1340003132004100
1430201040030001
0324403020033400
0020234041320000
0200431021030021
4000000200040413
1023030032004102
4002004004002304
0010203000233200
2301002301320004
4230000004130120
3000413210002314
3201002021304302
0234401020000401
4020004012003410
3204040000322040
1023030430410102
4300120001040031
0300100030004201
0012120404200003
0001020001002014
1000030034100003
2000104201000001
0120240302310042
4321020000030012
3400200443001043
0140401324000304
2403002030400000
1243001020040000
0001400200202304
0301102002000100
3004412023010400
0001130000100024
3000020024001302
0002420001240400
0100403004030024
0230340001434310
3002241000000234
0043430121043010
3402010003244230
0400204342300324
0013010024011304
3402000003014000
0000430202401420
0030031404011203
4200010024300042
2003034202310024
0340000332100000
0341400330100234
1432000040103104
2000000004101240
0312003401033420
0130321003410403
4312124301040000
0000030021303002
1200000220404001
4123001000411032
1342040300310104
3020010310340300
0400000101232314
0410210340210004
0040420331000000
0130000010030402
1004043102103002
2004000002303042
0310010400230041
0002300004200341
4301013400000002
4231310400130002
1204340200002341
4200130031000431
4132301004200340
3020020014022000
3412004043000000
1240041200004020
3100001340311040
0432030001200010
4200004000133120
0000204042300324
0020401313420430
3020201000024030
2401002410434002
0100300203211243
4002104304310100
2310002002013142
1324201040300100
3004003000101240
0042200302001004
0300010330020200
2413012040310040
2040000202140000
0234031200012140
0302200330200000
0341143031040003
2000010200201004
3000004043211204
1430304120044003
3000213000000240
1042043040033024
0030014200240000
3000240102404012
4213030400000100
3040410320140002
0020021313022430
4130300110002304
3100003013402003
4032000414230040
0104240002310002
0301040000044213
4203010200301020
0201040040032304
2400032431020010
4100321000202040
1003302003000130
2013304000010000
1342400020003020
3200100001000340
0002000400400123
0032001420410000
3020100020004010
0000402302400032
0102024010200013
0401004042130320
4030104200040400
0230432100120103
4200304024310024
0020013034101243
0020040331004031
0032300100030304
2431012010400200
0010003023410000
0100430002030421
3104020004100000
4201100400130100
4010004000301020
2004040040003140
3021213003020003
0413300002311302
1024200330404200
2140041203240000
3204140300410100
4100300000401420
0000014312344002
4003012000300341
2041402330121000
2301402310300012
0032200000033204
3020420310300001
0043340040000024
1023000002144102
1030030432004000
4032320100200310
0020024000022100
1300041000300140
3042000304011324
1402020140230300
0024043040103102
3420010302300012
2004000032000432
0401000420404002
2314010000010000
0001124001040410
0120000403001032
0201000004103120
4320123000130140
4031304004030320
0402300401000341
3042041340001000
0234300000122140
1200430100033402
1342040042000124
0034030002433000
0003030100303412
4003324114020300
1023230040000241
3020200400001300
3021000410004000
3100421000011400
0410203400010200
1023300020040002
0204402100122043
4032034100041420
0203002100022034
4020013000430002
1003430220000421
0034342020004302
4103001003400430
4000300424000340
3402210312000301
0203030100303402
0200100043212000
1203430100122004
0300204012000412
0400034242130024
0020240100133140
0302420020033020
0002003401034021
4312000330202430
1000320140002010
1030032021430410
1402324123000020
0000204100040102
0001010330041000
0240340021004300
4320004310300410
0213130200040430
0312120000202401
0100304120030320
1402201002414100
0000004220011324
0043342140020004
0100201000044301
1040403104130024
0000302002340010
1002000100100123
2004301010030301
3401120043000103
0100430010003420
3021000040000103
1420000000102034
2130300210004321
0301213010030010
1230400124103002
4312204034200030
3201100340302304
0003134230202130
4003000030422431
2001143000000213
1200001200430000
1004200100400003
0023034101323200
0300100330120100
2341003040203014
3021203040001243
2040340243200000
3204003003200040
1204002021400000
0340243040230000
1400324120040023
0020230114300014
0001410010200010
2300103002004020
2431312000030010
0402231430400023
1004000020000142
0302103420003400
1034030000000042
2340100201230004
0400103003020040
0010210404201203
1004240031024013
0302104001003401
2403300400404031
0100002104001243
0301000001340400
2010100001244230
0304020124033140
0023230410300040
0030030000233241
0413012013020230
0000420000120103
1400320040002130
0020013000404003
0030314000032314
3000010014200340
4001014304303210
2300140330100032
0400001403004030
0324000121433010
0201140341322000
4100000412000421
0300020000030421
1000421031000000
2013014213200001
0203300101344002
3400123400202000
0001413200100420
0040400030002013
4103320020310302
0400031001003041
0204040341000040
1324423001020010
2413300013404030
0020043000020213
0320103030000400
0014402313402001
0300103401003400
2100000212000001
0004403104031342
0003000402013040
2010034042300124
0400000200301324
0000402120000102
0000321403001003
0301103032000100
0023004110322004
4123300010020341
0040012300000204
0241000040002030
0304421001000001
0010300014300041
4031000021030000
0421210000100243
0300410310020201
1043430001340400
3014410000320341
0020010314300214
2431002040101340
0123230400300041
0000324140122004
0000023014202014
0400002410000031
0004403100030342
0012124031200030
0020320403411002
0410100343200004
0030230410003001
2014000000033001
2104432002033400
0040241000000230
2004401204230201
1000304000344002
2004041203011203
0020304114002310
4321013034100000
2040000300100234
4010103400210003
4200302004031342
3400013042100340
1324403001000410
0103000000401430
2143000012304012
0213130204210100
0100003003400403
0020324114020004
1234300143100003
3142421003002400
0000423020001300
0203102431020400
0000020100004123
0020213440001002
0124000100002013
0020020021040002
2034030104120200
0030132000024000
0000034002044100
4032020404002041
4203010003401030
1234000031402013
2403030000310104
0040002001300210
3200410024031024
0300400214203210
0002300003001403
3041010200001403
0021010042000002
4300013000433402
0321000402430412
4132004100100420
0034400200411020
4000210012403010
2000140200200241
3100000043001204
0042200312300000
0024420104001340
4103320424000042
0410204300300004
0000000102344300
0410004042301000
3010103401030301
0012004000200230
1040203040200010
3100020304310324
0300400030202430
0310013234200043
3200410020000400
0030100442130142
0002034101044213
0210034201043020
3002000010244010
3210012020300300
0403304000204001
2004340202430000
1020240030420003
2001000040100142
3041402304002310
4123000110320004
0102000000310324
4001124300340400
0002203030011043
2100031000003240
3002200040131000
0000024001300421
1002001041030340
0421124300044002
2401130401004203
3010140303004130
4213012000420001
0040013200002013
1320003000004003
4100004014323010
1340241040310020
3410020301000320
0001030000040213
2100002043020000
0200340103102004
2413032430020200
0340100031204210
4200032430020431
3401004340021204
0030041200414000
0400130202310124
3001100041032310
2430130240203000
0430020120040100
3100020013202003
1040040000002134
2003012403000230
2341100040023204
0200130404003102
0214410024010002
0001020401030002
0240030120040000
4320204000120034
0234340021404300
1000002101434312
0410203000000301
0024000031404000
3020020024031000
0003430000120030
4132001430201200
0032004004203014
1203002000044032
0230002400400010
0030001200002340
2003310002011000
0103032002040430
0002104001043001
0100403104000300
0040000010344001
1234001004000043
0241402020101430
0010003443000203
0213000020311042
0413030031240230
0120420004320341
4010010030001200
1002421300300024
4000003400000243
2000030442010102
0340423100030104
0300201300320200
3104023003420003
4300213400203001
0200001221300301
1000200130040123
0003310004301004
2000004200101304
0002020403011403
4030312424000002
0000030021400410
3204013023000023
0020120434120040
0240040040012004
0013132000013002
3040403010002314
4001000410402000
3002200000044003
4010100331002431
3204143020404300
0030010403101243
0142001010242400
1032000000202001
3001003200130004
3200043020040003
0400004000303214
0123000003411430
4312204000300420
0400304002031304
4000312400001000
2100040112004002
4102004004030204
3204400000002300
2401300003000013
0400000431404230
1030040203410020
2413002002301300
3102240000100300
4020103001403410
4031312000031302
0400231430400102
0400001403202000
0003004201004030
0314400032411003
0342001331240030
0024043112004302
0004340121004000
0043341203000030
0400030430004210
0000420304300020
4000304020140020
1300423131200010
4120301400022031
1004041021000320
1420030100100102
4300000002300401
3420014040001230
3102001313000431
4012203004233000
1430324001032000
0000004000122134
1023230000004000
1020000002030140
3010010312340021
0104041203000043
4302210400030400
0003030100021200
0002034132040020
0000034231202401
3142020004310320
4000234030001400
2040003200001023
1402300101030300
0203040000004012
3401000343021030
0100002112033412
0243040021004320
4000002431422401
2030402104001000
4003000013002431
0100420113400000
3012204340001304
1432230001204200
3020021003402431
4102300003242013
3104000043121003
3014000003410100
4100030030001420
2041010032100032
0312104300240400
0302000304313004
0041402000120030
0340002030000032
4201310404130002
4020124300100130
4001300000040403
0104021004310300
2310400010230201
0100342012304012
0004000012003420
0020304004300010
3412100020344300
3000240010300001
1400230431000001
1403201441000240
0210004020003104
0002204310000201
0020230100001204
0031100420433010
0012020020430000
2000002401400200
0403014000240030
0021003021430000
0031100042030040
4020000423410432
1024403000403000
0002204030001403
0013132000000431
1003432100340000
0004030030202103
0030402024000100
0413302002000300
1342001030242030
0124400003010400
0004001221403001
0140041040011020
0421213000021240
0000310003002431
1304400301022430
0040000104020230
3000024001044321
2000012310300402
0000400320001032
0030401220403021
3014042320010032
0324200001004230
0014043202010023
1200340000044010
4000134200043020
0400210443201040
3002240003001230
0034302100430000
0402000003140123
0403130200244201
0000300010022013
3021010302044012
0321100000000410
0021000020304300
1000030101020010
0000210000323014
0003041003200030
1204401230002043
0000000110402403
2341410000041002
0100342043101000
4000004030000432
0200040300322340
0400100443120140
2004000142000300
4201014020101400
3241100200040103
1230401000003001
2030000112403000
2043031200201000
2401034200203004
2000000302310040
3420020000430310
0000412304310300
0400031400424200
0004402330000032
2403100000400100
2400310002004010
1302401000242031
1003042041322004
0012013400033020
0200132400422001
4003204130041400
0004413234211000
0000000200202413
0132200030011423
0401130040030142
4100324103101030
0314003230010100
2100300100020200
4032000000032300
4102234030140003
0000231441303001
1043000141002300
4000000004101240
4300124300002104
4300023000210003
0031000030422013
0410130402400130
0010040030410100
1204340120030000
3421023000430010
2004003202430400
4002004032100423
0410314200004230
1043341000044021
1243400004000004
0002024110002010
4230030004122000
0140000032100032
0320020024010040
3241013000031004
0000002400310340
2013000200300024
4321020404020003
0030340140120103
2003430004100034
4200030024033024
2100000200010043
0102021300301004
3001002321044310
4031100401422000
2400002002010100
0024043042103040
0003024040022000
0342001334010030
2104002100101200
3004000300311040
0104001212404301
0001120030102140
0300000131022013
4100001003422400
3100400010000401
1234000034012100
0324201330400030
3010120020004020
3120421020400030
4020304004302000
0300020100133142
1000204002044100
1300000120130000
0143001034201000
2013034042310100
0310403230210000
2013312040001302
4002010300201200
2014403200201200
0000042340020040
0340241330244000
1040400204212030
1430000001030310
0240042300340010
3401000021000300
0310023434002000
3140020013242000
0243032000300410
3041000004300310
4030324003040423
0031000402100342
3201040203044103
1430024103104020
0000010004230310
0001100330104032
0032034014030214
2314042001020001
0001210330100432
0431310002031002
2100430210340021
0203314203000430
0204402000422403
0013000200310024
0040030134001234
1000432124000102
0021100001043410
1300401320010104
2300013012400421
0432030040203014
0300003120030100
2014000201000041
0024423003402000
3420014303021000
1400300441302301
1030034102004020
0200103003010040
0004340210434001
0001100300300014
4300020404100140
1000043142130000
0243401004010004
0400300000340302
3214400023010020
0020240002030040
0031134000133104
0000103240202314
2030340000004300
2400012040101302
3102200313200031
0030000440033201
0003312400000040
0203031204200130
2310010210203000
0042021003240400
1402320003000000
0230401200012103
4000020304000034
3210400014322040
1000200102133042
3421104340120000
0210140241230300
0001140341320014
4230030400433410
2030400204200000
0000312413020030
1040401201043000
2001004240033100
3040240340210230
4301000004020200
2340402002001402
3010010010204000
2314000341023200
3104400310300341
0203031020043401
2103041000200201
0023320123101002
0000400104100043
2003002000001034
0203002100002130
0004403003400400
0000204012303010
3210000320311002
1040401034210130
0004002001002041
4000102430420431
3410210410004300
0003310220310000
0321120030120034
4200102424000142
2013000200301004
0300201002404102
2000003040203200
2001130040003010
0002001443210040
1000431000200104
0000010402300302
4003310200311320
0030024023144023
1004240030420203
1000421030422401
3102020100130004
0024000302310342
3020120300022134
3421020020004002
3014012324010002
3001410000001430
0204142341002001
0102000400232040
1040240000030214
3000042301022014
2430300000031342
3241403000100024
0302003104103124
0001004004133104
2010014000044200
0010310220310024
1040402020040402
4132034000203204
0201042000340300
3120243000400012
0320003034101043
1204401020003401
0043431000011000
0100021400001020
0240042103120100
0300241001020041
3100040100200210
1200000000122140
0342400300310104
0403030432414000
3100420000202430
0410010412034021
1420321400300340
3402010000040321
0004400121400400
4000300100101400
0004401023411402
0031302442100042
3401023020004310
1000231400400120
0030132000003010
0302100400430401
2040040043210030
0020020100100342
0301200302300002
1432300040002000
1000024003040100
4000000024100320
4003031004303201
3412014300040320
0200000324000042
0200410000410003
3004100300014030
0214400300022341
2041403230000423
3000400004002340
3000120041002301
0040030101043012
2031004200030000
3201010203002410
1240001030002400
0413104200240201
2301403032001023
0020240303404201
0001300013240400
4000201010003001
0200034221003421
3002214340010030
4213304203002400
3004000340311342
2140302100300312
3240000223140103
0430304141230004
0030340200011000
2341013002040420
0320120300102004
0103030010023014
2100341040000304
3040002320101430
1000024020340012
0120240113420200
0032031040000040
0004002014003200
4010130420003100
1200342000000040
1400000421434021
3200013010002041
0014042020004130
4023204010300012
0034430000200140
0040001304000120
0230341200404100
3000024043000100
3142040102031300
4302003034010143
2014402004323000
0400312002131300
0001123400030010
3104001020410402
1420001003004030
0000000140320310
0401003020434012
0320243130420010
1320201300000000
0020001031022000
1003432001000410
2430034001044003
1004401200000040
1432234000000120
0001413004033214
0002104020004301
0004143232000003
1400230032040130
0140241000010000
1430031040000000
0024401323010430
2034002100003010
0400003400002103
0401103401030312
0410210043011240
4031012420001042
0400230401200241
1002000001030014
2014412300003201
3040243040101300
1003300040002014
0020421320400032
4312000030200000
4100300400001040
3210100300400002
1423000000003040
0002120001343421
0043042110004002
2413304002304001
0031012040100002
1032001023014000
0123000030410002
4032004100041023
3100241340301300
0042000024003100
2143000204010200
1023304023140100
0430032400130102
3420210010000200
0004300142130040
0200002040320004
0000423104122140
3042203042100300
0103300110002010
3020020013022400
2304042000410130
0401014000040200
2341003000001000
0301203410030010
3420000003022043
0040140341320310
1320023024130000
0002204310343420
0130301410030041
2100030000120203
0000432010023000
1420230402010100
0421100021044302
2100430000300200
0010032000303042
0300204002303000
0401130231004010
0003312400001042
0300240040000102
0020013042001000
0041000002100403
2310000304000040
3100000010400401
3421010400024013
0043430024303004
1004001031000430
1000421000003042
0030400204203000
2010410002400000
4003104221300401
0200001020300320
1240430020303410
0100003103422400
0001003004200210
4013100024310000
0342200130000100
2100030014203041
3002210340000020
3241410314002000
1040000000200231
0430321421000021
0032320000100003
2300040000014102
0312210334210000
1040001324310024
0003320400010102
4030030012403000
4000130004003120
0010013014232041
3142001043000200
0000130000313124
2034030230000403
0100341202434000
2013300000300020
0000123003004020
0031104204103004
0243401001200031
3001142300344010
0324001300002030
1200432130402003
0003300013022401
0304013032000423
0124400310400430
2400310010020013
0030340101400000
0000423130422410
0204000210232000
3400010012004302
0201413200040403
0002243103000000
0012200404201240
0120004100040400
4230030434002003
2001314042101004
3124000010402000
2030014013204000
4103234130000402
0200140020400002
4012010002003401
0341003204000004
0001042040003014
2010302010020000
0034030030001020
1400000441033241
3100401000202401
0002000120100023
4032031030011043
3210103203400103
1032301400002040
3142041040010000
4200312000000001
0004143200004021
1042000002103000
0400104232044023
4120001000300301
1234040021000000
0012003420404023
3014040000322040
4000032400010102
0030321023400123
3401004023000100
0401032400100000
0030040021004012
0013300400400400
0002021313242030
2340000030004102
2010010002001402
3024000024101342
0140203100000324
0042003002133104
0401000010034300
0210140203010143
0003300114300004
0213004230002134
0020031401323040
4103001402000400
3002201300310000
0043400030200100
0310000434010043
4023300000140400
3102001300202000
1203340200040320
3040420100000003
2403004200200231
4000014010020004
3100001303240400
2314000232010023
4020301424300040
1340200001040210
1002043001000010
1043300243202000
3400213000211203
3201410210202400
3214000023400020
0013030400020030
1043000003040102
0214003003414003
0004103032410000
3240413024001020
0040043140031024
0312203402000000
0020204102140002
0012000421033421
0410020423400123
2413002042010140
0321100001002000
0410010202000020
0004041241200041
1000030120403012
0204430121403010
0213010003242400
0100342000101204
0201014004002004
4010104000313124
4031034230202003
0002021403012140
0000003124101342
0103320114002010
0001302003402010
0431032030020003
0400100340300010
4000201414000241
4312003020000401
2430010440101043
4020024301303402
2140342002344000
1020020003404030
0040002112040302
0010102000400031
3000041003011004
3410010303240000
0000300003121204
0200012300300010
2030104241003210
3001000021004010
4010300010200030
0000402030411430
0043400000340010
0200000234200030
4002100300303000
0400030032404132
0402100300040300
0200100340022030
0000310020001302
3041100340320000
1200341220430000
0302001321300400
0000142303104100
3201000003144123
0314400330011430
0000100040032014
0001000434121200
4231030400022003
4100021000010400
0142241310340000
0430034202030124
3210402014000300
0000143200400001
0201010224031004
4000200014233000
0003002034020100
0320201002313102
0243340000012134
3200010303040000
0014013000001023
4032001400232041
0120020420010300
1432021001034020
4020210000020243
0200430231002000
0000031402014003
2040042000003004
1203430000100004
1002421000043020
0004300110004302
4001100001000412
1200400004210100
4102000012403421
0002013400033000
0012100420004023
0204100320010000
1040243100000020
1320000331002431
2000004040100124
1240430004022104
3142003000200003
0013104004300024
0043340203011000
2130430000001043
0403034001204030
0000321000410020
1004001034202103
2000300243001200
4100300010422000
2413302003400230
0102421013200000
1000420024300002
3200010320010300
0002000330040401
0402230032404020
0200412010300304
0004042300013142
4000020403000401
4013012404010300
4300023000212103
4310020000313124
0002000003411020
2134430104001040
0134400130020240
0430301003200100
2000032030020203
4012020304010134
0321000420133100
4130320014200001
0002243010244000
0030431200210240
0000430210000041
3000000000340312
0400024000304302
0020020314320341
3040240000031304
1023020400410130
2103340002344001
0241003000100123
0400213040210240
0134300003210000
0002301420030300
1004000001404213
0310100342003042
0040421003000001
0030234004003214
2001030402100000
1000403020103024
4301014000043012
3001140003000130
0210013000002040
1003032000300012
4102031000011400
4000004203240031
2000002002140032
1402020041200341
2304000032410120
0200014000041403
0120024100002314
0120200102100400
0312000024000020
4020010012300000
3421200003021004
4200132000430412
0120021000002031
2143002002000310
1300003042103120
0043030031002430
0400124340012004
0040002301303004
1423230100020004
0040002103044032
0000243140033024
0012203002003421
3240413203041000
4031130000022010
0001400314323010
2314000210430001
0024423113400400
0312200400200000
4310003410003001
4023030002043002
4312100034210100
1324020100003412
0000431201000001
0413310240010000
0010000403011043
0241412320000430
0140020300301004
1302003040133120
0010104024013004
0000104242300004
0024243000000040
4000030420003002
0342243031200010
0321003004003042
2304012302010430
1002020001200304
0200340001434312
0203002431402430
1002400000002013
0103001002340000
3204000300000032
0032004100003214
3214040001000300
0302420020010100
0030000104001203
3142000010202300
3240100301022310
2013030242010104
1043431021043000
4030034200000020
0410103000430301
1003431200200401
0004240042130102
0023024023140002
0002300020100120
1000001331202031
3020124303020104
1430321400004021
0000000201242003
0320210300300002
0032200001033241
0401203042030300
0024001320300340
2430034002033120
0403230030414032
0004423121400010
1243001021043020
0420103443102100
1403320420004032
0030402020033000
0240042300300004
4102000024100304
0012014300310020
2104400104100203
3024040112430010
2004413002400020
3004102323404002
0402210012340000
0004100223414103
0401002003404003
0120024004300300
2430000401020000
0120003110020003
3041142300002000
3000013014000310
0043000004201230
0000412000040430
4000030201343400
1240432000040002
3000042041000340
0032030030014000
0003040143000004
0001120000120003
1420030132140100
0201403000000304
0340142030140100
0203341221000000
0134300142101002
0040142032004030
1420204101003204
0010024300012000
0001412020140000
0102043102001020
0013000010244231
3020100043122003
2000030234010000
0000030400313102
3400024321040310
0000014302300302
4312000432400020
4012200330010030
4030030034001040
0203041040000100
4300013004200201
4130201002400420
4020200434020043
0420000120040132
2010400034211043
2003430030140002
4001034000100024
4123034130120000
0300013434101240
3010104301344000
1304400024303140
0100304010020310
1000020000230310
3001000020040302
0413030000323201
0100200010404031
0040003020101003
4100230010003410
0200130420000042
1342041000044001
0014003210033001
2003040012300010
0300210000433000
0300403100103120
0230132021400000
0020000123101402
1200040121000012
2431310002000302
0040102300004032
2014100000303142
2431000203204200
0003030024310140
1002304100144103
0210002000322301
1000040000044213
0014410030410030
3420210012040012
2010030231000231
1000200340313124
0040143040000214
0300421304212100
2004000214233201
1300040100400010
0000300101004310
4003034100000012
1403030100320200
0000201440000201
3004001313420401
3402203003011003
3204000313402001
0340410002101003
3020023443100000
1023004021304302
0000134030012000
2040030030200230
3040021304300320
0340100002000124
1230002030400400
0000003230410420
0230040103100003
1000020030042010
4200300200001004
1200341220040000
0040240000130300
4013010010020431
2401100200140023
3024023010402000
2013300010400001
4130230430011003
4002030014230041
0001400030140003
0321000021340000
1020021330422030
3012004300211004
1003000201303401
0004031232000023
1200032030000100
3241102023040002
1000001000212104
2430300040001043
2100001200400300
2041012310340002
0003302000344010
1240040020040132
3020040012034312
3412020000010104
4032020000002301
1402000131040003
2130030034101043
0003301043200200
0012003403002043
0040040013204001
3412014040000000
3000100200012040
0000210413400010
0100400210233041
0020000100404203
4301010402030410
0000012402001340
0132000024030004
3040201310240201
4000024023000400
4213000020301324
4002123421030020
0120420104131040
1000304100000310
0001103424000142
0013310013020231
0003000230210234
3100201303000001
0402213440200200
4001012024001302
2001104232000020
0043000143121034
3004400024311040
0030010413002003
2003041200010000
1023001400410132
1003030021340412
3001042303104002
3201010023101402
0003300404302000
2430010210204000
4030030230000003
1430034101240000
0230132000030012
0200102001402410
4103320023100402
0130000132041420
0000134000002031
4032000000100403
0000430000433402
1034400000000403
0030030031040003
0041143240030210
0120004010322010
2001130400404003
1200000120133140
4320000400402413
4010010014022300
1304200130400213
0302241000300000
2413004030244200
0300203001230000
0030130000103004
0031032034102140
0100234002000020
3001140003044123
0000314240011000
0021020030100104
3400010303000004
0431100230044103
4031300000001004
0000140003044103
3041412303140000
4231000020000140
0021010010020200
3021004303121200
0104401010200200
3104420013000030
4020320013422030
2004042000404310
0213300000001004
0001403232140023
1300000302013004
0014403210000201
0000243140130000
4021000004120100
2013132000004130
0010302002310040
1432001000233200
3000410200011420
0300012010323200
4021000010000210
0021123000403412
0230000020130002
4100204000233200
4020004120101432
0004400020003142
0124200010024013
0200103040200310
1200000204310000
4201004000232314
0200104200033124
2100040240311300
3102040000004003
1300000001323001
0420210010000002
3210402004301302
3024020300320341
0241410023101030
4231000013420400
0012013432010023
4231030030100100
0030314020041020
0030340202034021
0200142303004132
0243000143000034
0012000304001200
1423024043100030
0420320040320000
0200302100022030
1040003101042403
1234030030020040
4031300224000024
0140200000344000
4312200330210200
0300100301040001
0002203000404300
1023001000323201
0200030201200400
0403134002000020
3040140303004002
0300024330122104
2000012332001030
0031132430020203
0124000110400403
0021003400400002
3040000320311300
2013130000310124
3402100020004000
1320403000020100
0340102000003200
2400100001044000
3014140020410120
0040020030002413
0041100030104100
0010014203242430
0200002024310000
0300000131420000
0020000000120243
3001014300340312
0200010000042403
0230310404130340
4001003000433000
0000000143020043
3000421004302340
2040000130021234
0000140041230300
0020403124033042
0004431030002003
1023201002000000
0240000023004102
3000000010020213
0002200404011000
0240010204032304
2014400014230240
0134041000200200
3000000343200230
0132030010030400
1034300121400010
3024003003000410
1400300040200300
3400000410004002
0043301200044031
0010014203000004
0231002024130042
1203002000102004
0320004300303000
0034032001003000
0203104220300020
0002023421430300
4003200114020214
0431004032100023
0041012314322000
0203002100104000
0230432000003140
1240301001040020
4000004110233000
0040412002101030
1032301443200003
4201310020000000
0412020000202100
4000034104230010
0301400232000023
0104430004001240
0002024000144023
1423320041020001
4021210010000002
0214410200001000
1020043000033002
0430004042001300
3400000002034010
0240040040010100
0140301200304021
0000421300200401
0001010312040000
4200300400402001
2134401000000401
2301400302303402
0140000000323210
0420230040320241
0013000420401030
0342040000004100
0400321000034000
0234000100002040
3100003100400410
0020200101020004
0020010002033002
2130040200000243
3002420120041400
4100020010020030
0240100240000310
0423324000020000
0200040040212043
0000200402030301
0003024021344310
0201100200000410
1200040021034300
0140020023000020
3020243140100300
1240001000004300
0000100242030100
0201010003022000
0001040200104003
4123001402010430
4032000432000403
2403304012040300
1304021330002430
0102040302311024
2341412010340000
0002230110203214
2030402112403010
3100400020100002
4000000132100403
0030230002004120
1432304103100100
0030034000101023
4201000010000304
0340000230041403
3000204000211034
3004002000410030
2140342000340000
1243002000000004
1304020024303042
0000040002310042
0240300220304300
0000201340210234
0324043002130102
0013004203204231
0104000002101042
2100030010000410
0000243142000342
2100400234201200
0000000424033100
4300010034011243
0041413200230010
0400304000011024
4023001014020000
0100004002001430
0010124321340000
0040420304310020
0301120020000400
0132020000101004
0210142041320040
0210040001030341
0001100000044302
0302040300003124
0004400014032000
3002000003201204
0001000232041020
4301124330020000
0000410002040012
1200042020000300
0124240013420030
0040000220004321
0300214014323200
0100041300020200
0204302003100103
1002240001240031
3020010302300312
4300200034000003
0003302002001040
0002024103104123
4320120034000000
0421200042001340
4231032024003040
3000410310322041
3100003113204203
0310020000010134
3124200013404200
2001010200100003
0120324000100030
2100000210040001
2000300200310320
1000342120304012
0402203010004301
1423321020010030
0100401200010030
4003030100000014
4000020010422000
1003320020014102
0214413203000420
1302003101200010
1423320000000001
0041102303104030
0100201342000024
2040400000003401
4203030401400001
0003031200303004
0130301014002341
3020020100020403
0020420324310102
0410104300000001
0430231000414000
4120021023410002
0420003013024213
3020000013404203
2430004042031020
2000342100344300
4132230034000003
0000342100034010
3004003041002001
0302001342010004
0001403003100423
2300003004203004
0040410010030014
0201014023100423
3421100000030310
0020010400101240
1024203101400210
0312010300010000
2000030012403402
3102001300200204
0041010320040000
2000002110300412
3100200000044013
2000100031000230
0001040032104020
4210312410002040
2301403032101003
3012010010040301
0100000410032001
2341400230101400
1042201000240031
1030300120400300
2014142300004002
0004203140000042
3200410214230004
4230000224033000
2413104001204000
3000240000244213
0000310223040423
1030204100240203
4020230030001000