1234432131422413
3421124341322314
4132321414232341
4312214312343421
3241142321344312
3124241313424231
3421124341322314
1243341221344321
2341142332144132
4132321423411423
1423321441322341
3421124341322314
1324241341323241
4231312413422413
4312214334211234
1423324123144132
4312213434211243
1342423124133124
3124421314322341
1234432124133142
4312213414233241
4132231414233241
1432234132144123
3124423113422413
2314413234211243
3421213412434312
4213312413422431
3124423124131342
2341413214233214
4123234134121234
3124421314322341
3142421313242431
2314413212433421
1243431224313124
4231312413422413
2314413232411423
2143342112344312
1234342143122143
3142421313242431
2143432134121234
3412124343212134
4123234112343412
2143432134121234
3421213413424213
1324241332414132
1423231431424231
1324241331424231
2314412314323241
2431312443121243
1423324143122134
1243431231242431
4213134231242431
1432324141232314
2143432132141432
1432324123144123
3214413214232341
1243341221344321
4132324123141423
3142423114232314
4321213412433412
3124423113422413
3412123443212143
4312124334212134
4132234114233214
2134431212433421
3412124343212134
3241412314322314
4231134231242413
3124241313424231
4123321423411432
3421214312344312
1432231432414123
2413314212344321
1423324121344312
3214143241232341
2143432114323214
4132321423411423
4312123421433421
1243432134122134
1432321421434321
1324421324313142
2134342113424213
1342243142133124
1324423131422413
3412213443211243
4312124331242431
3241412314322314
3214143243212143
3214412314322341
3421213442131342
3421214312344312
3214413214232341
3142243142131324
2341142341323214
2431132442133142
1243432134122134
1234342121434312
1423324141322314
2341142332144132
2134432112433412
1243431231242431
4132324124131324
1324421331422431
2314143241233241
4213132431422431
4213312423411432
4321214312343412
3412124321344321
2413132441323241
2314142341323241
1243341221344321
4123234112343412
3214413214232341
1324423131422413
2341143241233214
1243431224313124
3124421313422431
4213314213242431
3142241343211234
3421214343121234
3421214312344312
4312214312343421
1432324123144123
3142241342311324
3214413223411423
2431314213244213
4123231432411432
3214143221434321
3412123441232341
2314143232414123
1243431221343421
1432231432414123
1432324123144123
2431132442133142
3412213412434321
3241412323141432
3214142323414132
1432324141232314
3421123443122143
3214412314322341
3214413223411423
2143341243211234
2143341213244231
3421213413424213
3412214343211234
2314412332411432
1423234141323214
2314143241233241
3142423124131324
3214412324311342
1423324121344312
4231312424131342
1324241332414132
3142243142131324
3124423113422413
2143432132141432
4321123424133142
4123234112343412
1324421324313142
2314412332411432
4321214334121234
2314143241233241
1234341223414123
4231132434122143
1342243131244213
2314143241233241
2314142342313142
2134432112433412
2134342143121243
1243432121343412
4123234134121234
3124423124131342
4321124334122134
1234342143122143
4312214334211234
4231314223141423
3124421324311342
3241413223141423
1234341223414123
3214143243212143
3214143243212143
1234341221434321
1243342141322314
4312124324313124
2143341212344321
4213132431422431
3412124343212134
4321124334122134
4132234132141423
2413314213244231
1243342141322314
4321124334122134
1243341221344321
3421213412434312
4123234134121234
4213134221343421
4312214312343421
4321213412433412
3412123443212143
4123321413422431
4312213412433421
4132231414233241
1423231441323241
2143431212343421
4123324123141432
3214413223411423
2431314213244213
4231314214232314
2341413214233214
4213314224311324
4213134221343421
1324421324313142
2314143241233241
2341412312343412
3412123423414123
3421213442131342
2314143232414123
2134432112433412
2413132442313142
1342243132144123
1234341241232341
4321124334122134
1234342143122143
1324421331422431
4213312423411432
2314143241233241
2314413214233241
1243341221344321
3214413214232341
4312124334212134
1234432121433412
3214413223411423
4231312413422413
3241142323144132
1423324121344312
1432321441232341
1423324121344312
3421214312344312
1324421324313142
3241143223144123
4231132421433412
2314413234211243
2341413214233214
1342243141233214
1234431221433421
3142423114232314
3124241342311342
4132321423411423
2143342143121234
2134342143121243
3421124323144132
1324243142133142
3124241342311342
2341143232144123
4312123434212143
1432321423414123
4132321414232341
3214413223411423
2134342143121243
4312124334212134
1432321441232341
3412214343211234
4231134231242413
1234431234212143
4321214314323214
2314143232414123
4231312424131342
3142241342311324
4132234114233214
2413312413424231
1243431221343421
4132231414233241
1243341221344321
4123321424311342
1243341243212134
3421213443121243
3142243142131324
3142421313242431
2143342112344312
1342421331242431
1324421324313142
2314142341323241
2143431212343421
1234432124133142
1423231431424231
4321213412433412
1234432124133142
3241142343122134
2341142341323214
2143431212343421
2134341243211243
1324421331422431
1423321441322341
1234342121434312
4312214312343421
4231134224133124
2134342113424213
2413312442311342
3142243113244213
4123324123141432
2314143232414123
1423231442313142
4231134231242413
2431134232144123
1243432121343412
1423234132144132
4132231434211243
3412213443211243
1423321441322341
3124243143121243
1342241331244231
1324241332414132
4123234114323214
3412123443212143
1432321441232341
2413314212344321
3412124321344321
2341142341323214
1234432124133142
4312214334211234
4213312424311342
1432321443212143
2413312442311342
3214142323414132
3412214342311324
4132321423411423
2314143232414123
1234431234212143
1423231441323241
4132234114233214
1234432121433412
4213312414322341
3241142323144132
3241413213242413
3214143243212143
4321124321343412
4321213434121243
4321123424133142
3241413223141423
2431314213244213
4231312413422413
2413312413424231
4231314213242413
1423231432414132
2431314213244213
2314412314323241
1342421334212134
2341143231244213
3412213412434321
2314412314323241
4132234114233214
2431132442133142
2134432134121243
4312213414233241
1432324141232314
4312123421433421
1243431224313124
4213314213242431
2431314213244213
3412124321344321
4213312423411432
3214412313422431
4312124324313124
4132324123141423
2134431232411423
3214413223411423
3421123443122143
1342241331244231
4312123434212143
3214142323414132
1342421321343421
1423234141323214
2413132432414132
4132321423411423
4312214334211234
4231312424131342
4231314223141423
4231314213242413
1342423124133124
1243342123144132
1342423124133124
3142421324311324
3421213413424213
2134432134121243
1432321443212143
4123234114323214
4312214334211234
1234341243212143
3241142323144132
3421213443121243
1243431221343421
2143341212344321
2143342143121234
4123324114322314
2314412314323241
4213132431422431
1324243131424213
1432234131244213
2413132432414132
3412123421434321
4123321413422431
1342423131242413
1432324123144123
4321214312343412
1342423124133124
2314143232414123
4321213412433412
4231132421433412
4123234134121234
3421214343121234
2431312443121243
2314413214233241
1234341221434321
4123324123141432
1342241331244231
1342241331244231
1243432134122134
2134341212434321
1234341223414123
1423234141323214
4312123421433421
2134431232411423
1234341243212143
1432231441233241
3412213412434321
2314413212433421
4231314223141423
2134341212434321
3142421324311324
1324241332414132
1432324141232314
1432231441233241
2143341212344321
1342243132144123
2314412314323241
2134432112433412
1423231441323241
1324241332414132
3124421323411432
3142421324311324
1342241342313124
3412124343212134
4213314224311324
1234342121434312
2134342143121243
1432234141233214
2341142341323214
1423234132144132
2431132442133142
3412214313244231
1342241342313124
2431132431424213
4312124331242431
1324421331422431
3241412323141432
2134342113424213
4312214334211234
2134341243211243
4312124321343421
2431132442133142
1423321441322341
4321123424133142
4231312413422413
1324241342313142
4312123434212143
4132324123141423
1243431224313124
1432231441233241
4132321423411423
1243431234212134
2413314213244231
1342423124133124
3421124321344312
3214142341322341
2143341242311324
4312214334211234
3214412324311342
2341142341323214
1324421331422431
2314412332411432
1234432131422413
1243431231242431
3214412323411432
4231134231242413
2314413232411423
4213132431422431
3142241312344321
2134432112433412
2341413232141423
3412213443211243
3214413223411423
1243342123144132
2143341242311324
4312214334211234
3124421313422431
4231134224133124
3142241342311324
3124421324311342
2314143232414123
2341412314323214
3142423123141423
2413314213244231
3214413223411423
4231312424131342
1423231431424231
2341143242133124
2413312413424231
1243342143122134
4312213434211243
1423231442313142
1342421334212134
2413312442311342
2413314213244231
3124243113424213
2143342143121234
2314412314323241
4132234132141423
2134341212434321
3241413223141423
3124421323411432
1432321421434321
2341142341323214
1432324141232314
1324241332414132
4123234132141432
1342241331244231
1243342121344312
1243431231242431
4231132431422413
2143432114323214
3124241342311342
3214143221434321
2314143232414123
4312213432411423
2314413214233241
2143431234211234
3412124343212134
2143431234211234
3421213413424213
4231312413422413
2341142332144132
1243432134122134
1324423121433412
2143342143121234
4213312424311342
2314143232414123
3241412323141432
1243341243212134
3241143241232314
1423324141322314
1234342143122143
2314412314323241
2413314213244231
1342241331244231
4231134231242413
3421123421434312
2413134242313124
1342241342313124
1423321441322341
2134341243211243
3214142323414132
2314412332411432
3124421323411432
3421124323144132
2413314242311324
3421124323144132
4123321423411432
3241143241232314
2413134231244231
1432324123144123
1234431234212143
1423234132144132
2341413232141423
1243431234212134
2143432132141432
4132231412433421
2314413212433421
1324421331422431
2341413214233214
1324421331422431
1342421324313124
1234431221433421
4312123421433421
2431312443121243
3124243113424213
4321123421433412
3241143223144123
3241412323141432
4213314224311324
3124423113422413
4231132424133142
1423324141322314
4312214334211234
3142421313242431
3412213412434321
2341143231244213
3412124343212134
4312124331242431
4231132421433412
2134341212434321
1423231432414132
4231314214232314
2341413214233214
4132324123141423
1432321443212143
1234341223414123
3214142341322341
4213134221343421
3142241343211234
1342421331242431
1423234141323214
3142423113242413
3142243142131324
3214413223411423
2134431212433421
1342423124133124
3421213443121243
2341142332144132
4231314223141423
4213134221343421
3241412323141432
2341412334121234
4312214312343421
3214413223411423
2143341212344321
3412213443211243
1234342143122143
1324421331422431
4321123424133142
2314412332411432
4321123421433412
3124423113422413
1324243131424213
3412123421434321
4213132424313142
1324421324313142
2134431232411423
3214413214232341
3241412323141432
3241143223144123
1243431231242431
3241143241232314
2143342112344312
1234431234212143
2413312442311342
3241143241232314
3412214312344321
3214142323414132
4312124321343421
4231132431422413
1243432134122134
4213314213242431
2431134232144123
1423234132144132
1423234132144132
4321213434121243
2341142341323214
4123324114322314
4231132421433412
4312123421433421
1243342141322314
4132324113242413
1342243131244213
1324423121433412
3124241313424231
2134342143121243
3241143223144123
4312213414233241
3412214342311324
3124421323411432
1342241331244231
3214142323414132
3124243112434312
1243341221344321
2341412334121234
2134431234211243
4123324123141432
3412213412434321
3214413223411423
1324423134122143
4312123434212143
3124423113422413
4213134221343421
4312124334212134
1324241332414132
4213314213242431
4123234132141432
3124243143121243
1324243131424213
1243341243212134
2413132432414132
4123234112343412
1243431231242431
3124241342311342
2143342143121234
1234342121434312
4132231412433421
3142243113244213
3412214313244231
1243431221343421
3421124321344312
3214413214232341
1234432124133142
4123324114322314
3421213413424213
3241412314322314
4213134224313124
2341413214233214
3421214312344312
1342421324313124
4213314213242431
1432324141232314
4321213434121243
2134431234211243
2341413214233214
2431312413424213
1243342141322314
3214142341322341
1243432134122134
3214143243212143
3214412313422431
1432234141233214
3142243142131324
4213314213242431
1234341241232341
3214413214232341
4123234114323214
2413314213244231
1423231432414132
2341143242133124
2431132442133142
4132234114233214
4123231432411432
3214413214232341
2431134232144123
2314413214233241
4123324114322314
3412213443211243
1342423131242413
4132321414232341
3214412314322341
1234431234212143
3412123423414123
3421214312344312
2431132442133142
2431132431424213
2341413232141423
1342241331244231
2134341243211243
1432321443212143
1342421334212134
3421214312344312
1423234132144132
2431134231244213
2314412332411432
1234341223414123
2413314212344321
2413132441323241
3124421324311342
4213314224311324
3214412313422431
3241412323141432
3142423114232314
3124421323411432
3124243143121243
2314143241233241
3412214343211234
4213134231242431
1324241342313142
4312214312343421
1342421324313124
3412123441232341
3214142323414132
3214142341322341
4231314224131324
3214413223411423
3124243113424213
4321123424133142
4321214332141432
4312214312343421
2431312412434312
4123324114322314
3412123443212143
4132234132141423
4312214312343421
1432321441232341
4123231432411432
3412124343212134
4132231434211243
1423234132144132
3241142323144132
2143431234211234
1342241342313124
3421213412434312
1234431234212143
3124423113422413
4123231432411432
3421213442131342
2143431212343421
2341142332144132
3214142323414132
1324243142133142
4231134231242413
4213312414322341
2431132442133142
4123231432411432
1324241331424231
1324423121433412
1324243142133142
1423231431424231
3421123443122143
4321213412433412
3124243143121243
4213314224311324
2341412334121234
2341142332144132
1432324141232314
2431314242131324
3421214312344312
2143431212343421
1423231431424231
2143342143121234
1324241342313142
1243342141322314
3142243142131324
3142423113242413
4321123434122143
3421123421434312
1423321441322341
3421124321344312
4231314224131324
3142423114232314
2143341213244231
4213132424313142
4312214334211234
2341142341323214
2314413214233241
3412213412434321
3412214343211234
1342241342313124
3412124343212134
3142243142131324
3241142321344312
2134431214233241
3142243142131324
1234431234212143
4231314213242413
2143342143121234
2341413214233214
4231132421433412
2143431234211234
3214142341322341
1324243131424213
4123321424311342
4123324123141432
4123324114322314
2143342112344312
3412123423414123
3412213443211243
3124243143121243
4213314224311324
2431132442133142
1423231431424231
4132321423411423
2341143232144123
1243431224313124
2134342112434312
3241413213242413
4132324114232314
2413132431424231
2143431234211234
1432231441233241
1243432121343412
4231134231242413
1423234141323214
1423231431424231
1342423124133124
3241412323141432
4231312424131342
3214143223414123
3214412324311342
4123231432411432
4321213434121243
2314143232414123
1432234131244213
3124423113422413
3241142321344312
2314143241233241
2431134241233214
4312214312343421
3241413223141423
2143431234211234
1243431234212134
4321213434121243
4231314214232314
3412213443211243
2134431234211243
4213132431422431
3214142323414132
4123321414322341
4132234114233214
1423231442313142
1324421331422431
2314413214233241
1243432134122134
2134342143121243
1342241342313124
2413314242311324
3142421324311324
3214143221434321
4321214332141432
4123231414323241
3412124343212134
4231132421433412
2341142332144132
3142421313242431
2431134242133124
4123231414323241
2413134231244231
1432231441233241
1432234142133124
2314413232411423
4123321423411432
4321124334122134
1243431224313124
1324423124133142
4123231414323241
1234342143122143
3214413223411423
4231312413422413
3142423124131324
1243342141322314
1234432124133142
1432234131244213
2134342142131342
1234432134122143
2134431234211243
1423231431424231
2341142341323214
3124243113424213
3421124343122134
3124243143121243
1432231441233241
3124423124131342
1234432124133142
1342423131242413
2314143232414123
1432321441232341
2134342143121243
2341142341323214
2143341242311324
3421123421434312
4231312413422413
2143431212343421
2431314242131324
4231314224131324
2134432134121243
1423231432414132
2431312443121243
3412124321344321
3142421313242431
3124241313424231
1342421331242431
2413134242313124
4132321414232341
1432234142133124
3421213443121243
1234341243212143
4321124321343412
1324241341323241
3124241313424231
4132231412433421
1423234132144132
4123234112343412
4321124321343412
3142241342311324
1423324123144132
3421123443122143
3124243112434312
4231134224133124
2431314242131324
1423324141322314
3421214343121234
4231132421433412
3214143243212143
4321123424133142
4312124321343421
2314142342313142
1324243142133142
3142423114232314
2413314243211234
3412123443212143
1243342143122134
4321214312343412
2143342143121234
3142243142131324
1234341241232341
1423234132144132
3421124321344312
2341143241233214
2314142331424231
3142243113244213
3421123443122143
3214412313422431
3142243113244213
2341413232141423
4312213412433421
2143432112343412
4312213434211243
3124243142131342
4123324123141432
3124423113422413
1324421331422431
1324423124133142
1324421331422431
1423321423414132
1423231432414132
3421213442131342
3412124343212134
4231134224133124
4132324123141423
1234342143122143
2134432112433412
3241142323144132
1234342143122143
2134432112433412
3124243113424213
2413132432414132
4123321423411432
3124243112434312
3142243113244213
3124421313422431
1243341221344321
2143432134121234
2134342142131342
1243432121343412
1243341243212134
4123231432411432
2314412314323241
2413134231244231
3421123443122143
4321124321343412
1342421331242431
3124423113422413
3142241313244231
3241412323141432
2134432112433412
4132234132141423
1234342121434312
1243341221344321
2134432134121243
4123321413422431
2431314242131324
1234342143122143
1423231442313142
3124243143121243
4132231434211243
3124241313424231
2413132441323241
3124243142131342
4213314213242431
4213314224311324
1324421324313142
3124423124131342
1423231442313142
4231314223141423
2431134231244213
4132321423411423
1234431234212143
1432234142133124
1234341243212143
4132321414232341
3214413214232341
3412123443212143
2134431214233241
1342423131242413
2341142332144132
3241412323141432
3142421313242431
4123234114323214
1423231432414132
4321123434122143
1324241342313142
4231314223141423
1243431224313124
3142241312344321
4231132424133142
4321124321343412
2413314243211234
3421123421434312
1243342141322314
4312124321343421
1243432134122134
1234341223414123
1243431221343421
1243341243212134
2341412334121234
1324421331422431
4312214312343421
4321214332141432
4123234134121234
2431132442133142
3241412323141432
3214412313422431
1423321423414132
2413312442311342
1234341241232341
2431312442131342
3412124343212134
1243342143122134
1342243142133124
4231132431422413
1423321423414132
1432234141233214
2431134231244213
2143432112343412
1324423124133142
4312213412433421
1234342121434312
3241413214232314
4213132431422431
2143342112344312
2431134232144123
2413134231244231
1432231441233241
2134342142131342
1423324143122134
1324241341323241
1423234141323214
4312213412433421
1432324123144123
1324243131424213
3214412324311342
1324243131424213
4123321413422431
1342421324313124
3241413214232314
2341142332144132
4321123421433412
4312214334211234
1432324123144123
3142421324311324
3124241313424231
2431314213244213
1234431221433421
4321123431422413
1342421324313124
4213314224311324
1423321441322341
4312124324313124
1423321441322341
3214412314322341
4321123421433412
4132231434211243
2314413214233241
2134342112434312
2413132441323241
2134432112433412
3241413213242413
4231134231242413
3421214343121234
2413312413424231
4123324123141432
1324241342313142
1324241342313142
4312214334211234
2431134242133124
2431312413424213
2413314212344321
2413314213244231
3214143223414123
4213314224311324
4123234134121234
2314413232411423
3421213413424213
3142243142131324
4213314213242431
2314412332411432
2341143231244213
3142421324311324
3241413223141423
1243431231242431
4132321414232341
2134341212434321
2341143241233214
3142241312344321
1432231432414123
1342423131242413
2143341212344321
2143431234211234
3142421313242431
1324241342313142
1234341241232341
3421213443121243
3214412313422431
1243342123144132
1243431231242431
1324241332414132
4213312423411432
3421213413424213
1324421331422431
3142423113242413
3241413224131324
3412213412434321
3214412314322341
1342241342313124
1342243142133124
2143431212343421
1423321441322341
1423321423414132
3241412323141432
3142243113244213
2134431232411423
4321214332141432
3421213443121243
3421213413424213
1234342121434312
2314413234211243
4321214334121234
4231134224133124
1234431234212143
2134341212434321
3142421324311324
4321214312343412
1423324121344312
1342243141233214
2431314213244213
1342421334212134
4123234134121234
2431312442131342
4312124321343421
1423324123144132
4132231434211243
4213314213242431
4132234132141423
4123231414323241
2431134231244213
3241143241232314
2134341243211243
4123324114322314
4123324114322314
2314413214233241
4312123421433421
4213132431422431
2431132442133142
1324243142133142
4132231432411423
4231312413422413
1423321423414132
3214142323414132
4123321413422431
4312214334211234
1243341243212134
2341413232141423
1243342143122134
2341413232141423
3421214312344312
3421124341322314
3421214343121234
2134432134121243
3214142323414132
2143431212343421
3124243143121243
4123231432411432
1324421324313142
2134341212434321
1432324123144123
4132234114233214
2341413214233214
3412214312344321
3421214312344312
1324243142133142
2431132431424213
2143341243211234
1432234142133124
4321123431422413
1432321441232341
2143342112344312
1423234141323214
1243432134122134
1243342143122134
2413314242311324
1432324141232314
2341142332144132
3124243112434312
4321124334122134
4213134234212134
2413314242311324
2341412332141432
1423324121344312
3421214312344312
1234341241232341
2431312442131342
3124423113422413
3124243112434312
2134431214233241
3142243142131324
3412213443211243
2413312442311342
4312213414233241
2431312413424213
1423234141323214
2431134242133124
4123321423411432
4123231432411432
2143341212344321
2314413234211243
2341413214233214
2134342113424213
1324421324313142
4123321424311342
1423231431424231
2341143232144123
4312213434211243
3142421324311324
1342421331242431
4312124331242431
2314142342313142
1243432121343412
2431314242131324
4123324123141432
2143342112344312
1324241332414132
3412124343212134
1324423124133142
2143342112344312
1423231441323241
2143342143121234
1342423131242413
2143432134121234
4213314213242431
4132321423411423
4132234132141423
1234342143122143
2314142341323241
2413132442313142
4312124324313124
1342241331244231
3124241313424231
1423321441322341
1234342121434312
4213312414322341
3142243142131324
4123234134121234
2431314213244213
3412123421434321
3421124341322314
3142243113244213
2314412314323241
1234431221433421
1342423131242413
2314412332411432
2413314243211234
1324421324313142
2134431212433421
2413132442313142
3142421313242431
1432324141232314
4132231432411423
2413132432414132
3142243113244213
1342423124133124
1324241341323241
2314412314323241
2431312442131342
1243341243212134
2341143241233214
3421214343121234
2431314242131324
1243341221344321
2314142341323241
4213312413422431
2143431212343421
3214143243212143
4321123421433412
3142421313242431
2143432112343412
2413314242311324
4231134231242413
4132234132141423
4321123431422413
2341142341323214
1234342143122143
2431312443121243
3241142343122134
3214413223411423
2134342113424213
3241142323144132
3241412314322314
4321214314323214
4312213412433421
1432324123144123
2341143241233214
1423231431424231
3241143241232314
1342423131242413
3421123421434312
2341143242133124
1342243132144123
2431312442131342
1234431221433421
4123321423411432
3142243142131324
2314143232414123
1423324123144132
2143341213244231
3214142341322341
4132324124131324
2413312442311342
3241412323141432
2341143242133124
3412124343212134
2431134232144123
3142241343211234
2413314212344321
4321214312343412
3241143241232314
4132234114233214
3412213412434321
1423231442313142
2413312442311342
2314413234211243
2134341212434321
1423324141322314
4231312424131342
2341413214233214
2341143242133124
4231132431422413
3214142341322341
1234341241232341
3412123421434321
3124421313422431
4231314224131324
2413314212344321
2134341212434321
3124423113422413
2143342112344312
1423324143122134
2314142331424231
1432234142133124
1342241342313124
2134432134121243
1423324121344312
1342423131242413
4123324123141432
3421124323144132
4123324114322314
2341143231244213
1342421324313124
2143432134121234
1342423131242413
2314142332414132
2143341213244231
1432231441233241
3241413214232314
1423234132144132
4132324124131324
4123324114322314
3214143243212143
3421213442131342
1423324143122134
1423231442313142
1423324123144132
1234432131422413
2143431234211234
4312123434212143
2134432112433412
2143431212343421
2143342143121234
1342243142133124
2431314242131324
1234342121434312
4231134231242413
4132321414232341
4321124321343412
4312214312343421
3412124343212134
1324243142133142
2431132431424213
2143341243211234
1432231441233241
3214143223414123
1342421334212134
4231132434122143
2314142342313142
3214143223414123
3214142323414132
3214413223411423
1324243131424213
1243431231242431
1234431221433421
3412123421434321
3421123421434312
1234431221433421
1234342121434312
1243431231242431
2413132431424231
1423321441322341
4231312424131342
4132234132141423
3142423123141423
1432231432414123
2413134242313124
4312214334211234
2314413214233241
4321124321343412
4213314213242431
2431132431424213
1423321423414132
2143341242311324
2134432134121243
3124423113422413
4312124321343421
2314412314323241
2413132431424231
4312123421433421
3142423114232314
4123324123141432
2314412314323241
3421214343121234
2143342143121234
3421213443121243
4321123421433412
4132234114233214
3421123421434312
2431312443121243
3412124321344321
3142241313244231
1432321441232341
2413132442313142
1243342123144132
2341142341323214
3142243142131324
2314413232411423
2314142342313142
4321123421433412
4123231432411432
2413134231244231
1342243141233214
3412213412434321
3214413214232341
3412214312344321
1243341243212134
2143431234211234
3214143241232341
1432234141233214
1423231432414132
2341413214233214
1243432121343412
3142423123141423
2314412314323241
4213134234212134
4231132421433412
3412214343211234
1342241331244231
1423321441322341
2134341243211243
3412124343212134
4321214332141432
1243432121343412
3421213413424213
3142421313242431
4312214312343421
4231314213242413
4132234132141423
3214413223411423
3142243142131324
2134342142131342
3124243143121243
4213134234212134
2143431212343421
4312124331242431
3241142321344312
2143431212343421
3412214343211234
1423324143122134
4312124331242431
4312124321343421
3421123443122143
3241412323141432
1432321443212143
3412214312344321
2314142332414132
4213312424311342
3124243113424213
2413132432414132
1342421331242431
1432231432414123
1324421331422431
3421214343121234
3241412323141432
4312124324313124
3421123443122143
1234432134122143
1234432124133142
1324241342313142
3124243143121243
3142241342311324
3241142341322314
2314142331424231
2143432134121234
4231134231242413
1423231431424231
4213132431422431
1342421334212134
4213132424313142
2143431234211234
4213312413422431
4213132431422431
2143431234211234
2431312443121243
4321123434122143
3214142323414132
1234431234212143
1342241331244231
2431132431424213
3241413214232314
4132231432411423
4231134224133124
4132324123141423
3241142321344312
3142243142131324
3124423113422413
1423231442313142
2341143242133124
4321213434121243
3421123421434312
3142243113244213
3421123443122143
1234341241232341
2413132441323241
4132234114233214
2341412314323214
2341143231244213
1423234132144132
1324423124133142
4213312413422431
2341143241233214
1324243131424213
2413314212344321
1234341221434321
4123324114322314
1342423124133124
1423324121344312
3142243142131324
2134341243211243
1243341243212134
3214412313422431
3142421324311324
4231312413422413
1234431221433421
4231312413422413
1234342121434312
3142241313244231
4312213434211243
2431314242131324
1342421321343421
3421214312344312
4132321423411423
4123321413422431
2341143242133124
4321214334121234
1243432134122134
4312124334212134
3124421314322341
3241143223144123
1234341241232341
4123231414323241
1324423121433412
4312123434212143
1234431234212143
2413314213244231
4231132424133142
4123234134121234
1243431231242431
4321123434122143
4231132434122143
4123234114323214
3421123443122143
3421213413424213
1243432121343412
4231314223141423
4231312413422413
2134341243211243
2431132431424213
4231312413422413
1324421324313142
2134431212433421
2143432112343412
4213314224311324
4321124334122134
3412124343212134
3124241313424231
1423231432414132
4123234134121234
3421123443122143
4312214312343421
4231132434122143
2431312442131342
1234341243212143
4132231414233241
1423324141322314
3124243142131342
2314143232414123
2341143232144123
1342423124133124
1342243142133124
4312213434211243
3124241313424231
2143432134121234
1243342141322314
1324243131424213
2143341212344321
4123324114322314
3421213443121243
3214413223411423
1432234131244213
1324421324313142
4123231414323241
4213134234212134
4231312424131342
1432321421434321
4132324123141423
4231134224133124
1432234132144123
3412123443212143
4312213432411423
3241142341322314
2314143232414123
2314143232414123
1324421324313142
4231314224131324
3421124341322314
4321213434121243
2143431234211234
3241143241232314
3214413223411423
3421123443122143
1342241342313124
3241412314322314
2143341242311324
2143342143121234
1423231432414132
3421123421434312
3412123443212143
1342421334212134
4123234114323214
4123321414322341
3214413223411423
3421124341322314
1324241331424231
1234432134122143
4132324113242413
4231134224133124
1432231432414123
2341143242133124
3412123423414123
2143341212344321
2134432134121243
3124421313422431
3124243143121243
1342241331244231
2314413212433421
3421213442131342
4231134231242413
1234432131422413
2314413234211243
2314142332414132
3421123443122143
4123231432411432
4132321414232341
3421214312344312
2341413214233214
2431314213244213
4213314213242431
3421124321344312
2143342143121234
1342243141233214
3241412314322314
4312214312343421
3421213413424213
2134342113424213
1432234132144123
2341142332144132
1432231441233241
3412214312344321
2134431232411423
3412214312344321
1243342141322314
1432234131244213
4213314224311324
4123234114323214
1432324123144123
3142421324311324
4312213414233241
4132321423411423
3412124343212134
4132231432411423
2143432132141432
2431314242131324
1324421331422431
4321214332141432
1432324141232314
4231132424133142
1342421334212134
2314142332414132
4132324123141423
1234432124133142
3214413223411423
4312214334211234
4312124334212134
1234431221433421
2413312442311342
2341412312343412
2314142342313142
3124243143121243
1342241331244231
1423231432414132
4231134224133124
2134431214233241
2314142341323241
4213312423411432
3412213443211243
1432234141233214
1324243131424213
3142241342311324
2143431234211234
4231314224131324
3214143221434321
4213132424313142
1234341243212143
2134432112433412
3241412323141432
1234341243212143
2314143232414123
4231134224133124
2413312413424231
2314413212433421
3421123443122143
1324421331422431
4312123434212143
1324421324313142
3214142341322341
4231314224131324
1324243131424213
3124421313422431
2314142342313142
3124423113422413
3142421324311324
3241412323141432
3214142323414132
4213134221343421
4321214334121234
3124421323411432
1342241342313124
3421124341322314
4123231432411432
3124421313422431
4321124334122134
2413132432414132
4321124334122134
4132324113242413
2143341242311324
2143432114323214
2431132442133142
3214142323414132
2134342143121243
1342423131242413
2431314242131324
3214413223411423
2431312442131342
3124423113422413
1423231442313142
3124423113422413
2143431234211234
3421213412434312
3142421324311324
2341142341323214
1432321443212143
1432234141233214
2413312413424231
4231314214232314
4231134231242413
1342423131242413
2134341243211243
1423321441322341
2143341242311324
2143341242311324
4321123421433412
1234432131422413
1342421324313124
3214142323414132
4213312413422431
1423234141323214
3214143241232341
1243341243212134
4213312414322341
2431314242131324
4321124321343412
4123231432411432
2431134241233214
4213132431422431
1243432121343412
4213312413422431
3421123443122143
3412213443211243
3142423113242413
2134432134121243
2341142341323214
2413312413424231
1324243131424213
4132234114233214
3214143243212143
2413134242313124
3142421324311324
2134431232411423
3241412323141432
3124421314322341
2341412334121234
1243431224313124
3241413213242413
4213132431422431
2341143231244213
2341412314323214
4312124321343421
3421123421434312
3412123423414123
3421213442131342
1432234132144123
2413132432414132
1243432134122134
4213314213242431
1234341221434321
4231314223141423
3412124343212134
2134432112433412
1234341223414123
4321124334122134
1342241331244231
2341413232141423
4321123424133142
2431312412434312
4231132434122143
3241413223141423
1432234131244213
1423321423414132
4312213434211243
4132321423411423
4312213434211243
4213314224311324
4321214312343412
3241142341322314
3124241342311342
1234432131422413
1423321441322341
2314412314323241
3412213412434321
3142241312344321
3214143241232341
2413132442313142
1342241342313124
1342421334212134
4231132431422413
2431314242131324
1432324141232314
1342243131244213
1423231441323241
3124241342311342
4123231414323241
4213134234212134
2431312442131342
4213132431422431
3142241312344321
4132231412433421
4132324114232314
4213132424313142
1342423131242413
1423231441323241
2143431212343421
2413132431424231
1342423131242413
4321123421433412
3124421324311342
2431312412434312
2431314213244213
1234432134122143
1234342121434312
3412214313244231
1243341221344321
4213134221343421
4321124321343412
4321124321343412
4213134221343421
2143342143121234
1243431224313124
1324243131424213
2134341212434321
2341143232144123
4231314224131324
2413132432414132
2134341212434321
4312214312343421
3214413223411423
4231134224133124
1342421331242431
4231132431422413
2143341243211234
3142421324311324
3214142323414132
4132234114233214
1342423124133124
3241412314322314
1423321423414132
3241142343122134
1423234132144132
3214413214232341
1342423131242413
2314413234211243
3412213412434321
4321214312343412
3214413214232341
2431134232144123
1324243142133142
3421213442131342
2314412314323241
1432231432414123
1432324123144123
4213134234212134
3214413214232341
2413312413424231
2431314242131324
1342421331242431
4231314224131324
2431134242133124
1423231431424231
2314413234211243
2431314213244213
2413312413424231
3241143241232314
2341142332144132
2143431234211234
1432321423414123
1324421331422431
3241142323144132
3412124343212134
3421124321344312
4123321413422431
1324421324313142
3241413224131324
2413312442311342
2413314242311324
1432324123144123
1324243142133142
3421124343122134
2314412314323241
1234431221433421
2314143241233241
4213132431422431
3241142323144132
4312123421433421
2341412314323214
3412214313244231
4123324114322314
1234431234212143
1234431234212143
3241412314322314
1234342121434312
1423234132144132
4321124334122134
3214413214232341
3214143223414123
4231134224133124
2143432132141432
1234341243212143
3412214343211234
1342423131242413
1234432134122143
4312123421433421
1423231431424231
2431134232144123
2413314212344321
4321123421433412
3412214312344321
1243432121343412
3412124343212134
2413312413424231
1243341221344321
1423321423414132
4213312424311342
3142243113244213
3142241342311324
3421213412434312
1432231432414123
1234432124133142
1324241332414132
2341413214233214
2143342112344312
2341412332141432
3124421313422431
3412214343211234
4213314213242431
1423234141323214
1243432121343412
3421123421434312
1432321443212143
3412124343212134
1342423124133124
4123234134121234
4321214314323214
4231314224131324
4213132424313142
4231314224131324
1234341243212143
4213132424313142
2143341242311324
1342243131244213
1423234132144132
4312214334211234
3421214343121234
4132231414233241
1234342143122143
1243431231242431
2314412314323241
1432234141233214
4123321414322341
2134431212433421
4132234132141423
2134431212433421
1234341243212143
3421214312344312
3412214313244231
4123321414322341
1423324123144132
3421214343121234
4231314223141423
4132324123141423
3124423113422413
2314142332414132
4321214332141432
3124243142131342
4321123434122143
4231132424133142
2314413232411423
2314143232414123
4123234112343412
1423234132144132
2413134242313124
1423321423414132
4321124321343412
4312214334211234
2431134231244213
2143431212343421
3241413214232314
2314413214233241
4312213412433421
4132324123141423
4213312414322341
4132231432411423
4231314223141423
4231134224133124
2431132431424213
2143432112343412
1234431234212143
4213312413422431
1342243132144123
1243341243212134
1423324143122134
4312213434211243
3124423113422413
2314413232411423
4123324114322314
1423321441322341
4123321413422431
1234341223414123
4321123434122143
3214413214232341
3214142323414132
2143341243211234
1432324141232314
4123324123141432
3412213412434321
1234431221433421
2143431212343421
1342421331242431
4132324124131324
4123324114322314
3412124343212134
1342421331242431
4132321423411423
4312124321343421
3412123421434321
2314143232414123
1243341221344321
1243341221344321
1324241331424231
2431312442131342
2134342113424213
4132231412433421
3124421313422431
3214412324311342
1324421331422431
4321124334122134
2341412334121234
2134341243211243
4132231414233241
4312124331242431
2413132432414132
4312213434211243
1234341223414123
2341143242133124
4213312423411432
4231314224131324
4132324124131324
3241412314322314
3241142343122134
1324421324313142
3142241312344321
2431312413424213
1234432121433412
2413312413424231
3241143223144123
1432324141232314
1432234141233214
2341412314323214
2341412334121234
3142423123141423
1423231431424231
1243432134122134
2431132431424213
3421124323144132
4231314224131324
4321214332141432
1342423131242413
4321213434121243
2413314213244231
4123234132141432
4123234112343412
3241413214232314
4123231414323241
1324423131422413
4312124321343421
2143432132141432
3124423113422413
1423234132144132
1234431221433421
3421214312344312
2134342143121243
2314143241233241
4231134231242413
4231312424131342
2143341213244231
2314412332411432
2314412332411432
1342243142133124
1243432134122134
3241142321344312
2314142332414132
2341142332144132
3421124323144132
4213312424311342
2413312442311342
4321213434121243
1243431224313124
3421214312344312
4231312424131342
4312123421433421
3142243113244213
1423324121344312
1324423134122143
4132231434211243
3124243113424213
2431134242133124
3142423114232314
3124423124131342
1432321421434321
4213312423411432
2341142341323214
3124421324311342
1324243142133142
4321123421433412
2431134231244213
3412124343212134
1342241331244231
1432231441233241
3142241343211234
1324243142133142
4312123434212143
3142243142131324
2341412332141432
3124421313422431
3124243113424213
2341143232144123
2413134231244231
2431132431424213
1324423134122143
3124241313424231
3412124321344321
4213132424313142
1432234132144123
4132234114233214
1432321423414123
4213312414322341
2341142332144132
3241413213242413
4123231432411432
2143431234211234
1234432121433412
3142241313244231
1324241342313142
2143432132141432
4132321414232341
2413314242311324
2314142331424231
1432321443212143
3421124341322314
3421214312344312
4231134231242413
2431132442133142
1432234141233214
3142423123141423
4213134221343421
1324423121433412
3421214312344312
2143341212344321
2134432112433412
1243342143122134
4321124334122134
2431134242133124
4132321414232341
2314413214233241
3142243142131324
1342241331244231
2134432112433412
1234341241232341
2431314242131324
3421124323144132
1342243142133124
4321213412433412
3124423124131342
4123324114322314
1324243142133142
3214142323414132
1423231441323241
1423231441323241
1324241331424231
1243431234212134
4312214312343421
2431134242133124
2341413232141423
3241143241232314
1243341243212134
2134431212433421
2413132442313142
2431312442131342
3142423113242413
2431132431424213
4312214334211234
2134432134121243
4123234134121234
2431312442131342
2134431212433421
1243432121343412
4132231434211243
1234341221434321
4312123434212143
1234431234212143
1432324141232314
1243432121343412
1423234141323214
4132234132141423
3142243142131324
4231312413422413
2314143232414123
3124241342311342
3214413214232341
4132234132141423
3421124321344312
3421214343121234
2431132442133142
4321123424133142
4213132424313142
3142243142131324
1324421324313142
1243432134122134
2431132431424213
1324241342313142
1324421324313142
2134342143121243
1234342143122143
2413314242311324
1234341221434321
3214143241232341
3214142341322341
1342241342313124
4231312413422413
2431312443121243
4231134224133124
4231314224131324
3124423124131342
4213314224311324
2134431212433421
3412124321344321
4231312424131342
4213132424313142
3412213443211243
3124241342311342
3124423113422413
2143341243211234
4231314213242413
4132321423411423
3412213412434321
4132231414233241
1342243141233214
4213132424313142
3124421313422431
1423324121344312
4132231434211243
1342423131242413
4312124321343421
3124423113422413
1342423131242413
1432231432414123
4132324123141423
4321213434121243
1243431221343421
2413314242311324
1324423134122143
2431312413424213
3412213443211243
4132234114233214
2134432134121243
2134341243211243
3214143241232341
4132231434211243
1324421331422431
1324243142133142
2413132442313142
4321214334121234
2143431234211234
2413312442311342
1324241331424231
2413314212344321
4312213434211243
2431314213244213
1423231432414132
4213132431422431
3214143243212143
2341142332144132
4312214312343421
2314142332414132
3421124321344312
2413134231244231
2413134231244231
1432234132144123
2314142341323241
2143432134121234
2143431234211234
3214413214232341
3214412314322341
4231132424133142
3142421324311324
3124421324311342
1234341243212143
3241142323144132
1324243142133142
1432234141233214
4231132424133142
4231314213242413
2143431212343421
3421214312344312
4213312424311342
1423231442313142
4132234114233214
1342243141233214
1243432134122134
1432321441232341
4231132434122143
3142243142131324
2413314213244231
4132231412433421
4213132431422431
4213312413422431
3124421313422431
4321124321343412
2314142341323241
1432234142133124
4321213434121243
1324421324313142
1432234131244213
4321123424133142
3412124321344321
3124243143121243
4231314214232314
2431314213244213
2341142341323214
1243341221344321
3124241313424231
1423321423414132
3124421314322341
4321214314323214
3214143223414123
4312214312343421
1234341243212143
4213134231242431
3421213443121243
3241413223141423
1243431234212134
1324241341323241
3214412313422431
3241412323141432
1234431234212143
3142423113242413
4213134231242431
4213314213242431
4123231414323241
1342421324313124
4312124321343421
3421123421434312
2143341212344321
4132324113242413
4132231414233241
3124421313422431
1423231432414132
2134432134121243
2431312443121243
3412214343211234
4213314213242431
2143341242311324
2341142332144132
2314413234211243
1342423124133124
3142243113244213
2341142332144132
2134342113424213
3124423113422413
4312213412433421
1324243131424213
3421124343122134
2341412314323214
1243432121343412
1423231441323241
4312124334212134
3421213443121243
4213312424311342
3421123421434312
2314412332411432
1432321443212143
3124241313424231
1342421324313124
3142241312344321
1342243141233214
3214413214232341
3124423124131342
2314143241233241
4123231432411432
2314413214233241
2143431212343421
4123321424311342
3214142323414132
4312213414233241
2413312413424231
4312124324313124
4312123434212143
2134431214233241
2143431212343421
3142243142131324
4213132424313142
2134432112433412
4132231412433421
3421123421434312
1234341223414123
4123234114323214
2314142331424231
4132234114233214
3412123443212143
4213134224313124
3142243142131324
2431134241233214
2413312442311342
1432324141232314
3124423124131342
3124243143121243
2314143232414123
1432234132144123
2143431212343421
2413132432414132
1342241331244231
1342241331244231
3124243143121243
4213312424311342
4231132431422413
1234341223414123
4231312424131342
4132324114232314
3421124341322314
3241142343122134
1324423121433412
4312124324313124
3124423124131342
3142241313244231
4123231432411432
2413132431424231
2134342143121243
2314142332414132
1342243131244213
1432324141232314
1342241331244231
1423234141323214
3124421314322341
2134341243211243
4123321413422431
4321214334121234
1432231432414123
1234432134122143
4321123424133142
4123324114322314
1432234141233214
1234341241232341
3124243142131342
2431132442133142
1234341223414123
1432324141232314
4123234134121234
1432234141233214
2413312442311342
1432234132144123
4132324113242413
3412124321344321
4231134231242413
3241412323141432
4132234132141423
1423234132144132
1324423131422413
1423321423414132
2134342112434312
3142241342311324
3241412323141432
2413134242313124
1342241331244231
1243431224313124
1234431234212143
1324421324313142
3421124321344312
2431134242133124
2431312443121243
1432231432414123
2431134242133124
1234341221434321
1243341243212134
1423321441322341
2143431212343421
2431132442133142
3214412324311342
2341412334121234
2314142342313142
4132231432411423
3214143241232341
3412213412434321
4213312414322341
4132321414232341
1243341243212134
2413132441323241
3412123423414123
3124243112434312
2143341242311324
1234432121433412
3142423114232314
1324243142133142
4213314224311324
3124423113422413
2431314213244213
1432324123144123
3124241313424231
2314142332414132
3124421324311342
1432234131244213
3214413223411423
1243432121343412
1324423131422413
1423234132144132
3142421313242431
2341143242133124
2143432112343412
1243432134122134
2431132431424213
3214142323414132
3124421323411432
2314142332414132
1342241331244231
1423231432414132
2134342142131342
3124243113424213
3124241313424231
4312213432411423
4312123421433421
1243432121343412
3412214312344321
4213134221343421
2431312413424213
4321213434121243
1423234132144132
2431312442131342
4231312424131342
3421214312344312
4231134224133124
3241142343122134
4312123421433421
2413132431424231
2143341242311324
4321124334122134
3412124321344321
2143341243211234
1432321443212143
3124423124131342
1243341243212134
1234342143122143
2314412332411432
2143431212343421
4213312424311342
2341142332144132
1243341221344321
3412123441232341
1423324123144132
2413134231244231
3421124343122134
4321124334122134
1432321421434321
3241142343122134
2341412312343412
3142241313244231
2314412332411432
1243432121343412
2413134231244231
2143341243211234
4321124321343412
4231314223141423
4132324124131324
1423231431424231
3142241313244231
2341142341323214
2314143232414123
3124241313424231
3142243113244213
1324241332414132
1432231432414123
1432321421434321
1342243142133124
1243341221344321
2341143232144123
2143342112344312
4123234114323214
4231132421433412
2341413232141423
2134341243211243
4231314223141423
4213132424313142
1324241342313142
2143432132141432
4132231412433421
2134432134121243
3214412313422431
1324421331422431
2143432114323214
1342421321343421
2341413232141423
3412124321344321
2314143241233241
4321123424133142
3214143243212143
3412124321344321
3421213412434312
3241142321344312
2314143241233241
3142423113242413
4132324114232314
4132231432411423
1432321441232341
2413134231244231
4231314214232314
1234342121434312
3214412323411432
3412213443211243
4321214314323214
4312213434211243
3421123421434312
4123234112343412
1423234132144132
3421124323144132
4231132431422413
1324241332414132
4213312423411432
1324241331424231
2134342113424213
2431134241233214
4231134231242413
3421213443121243
1234341241232341
1243342121344312
4321214312343412
1432231441233241
2314412314323241
2413132441323241
3412214342311324
4231314223141423
4231312424131342
4231312413422413
1324423121433412
1324243142133142
2413314213244231
3421213443121243
1234342121434312
4312214312343421
3142421313242431
1234432134122143
3124243112434312
3412214313244231
1234341221434321
3124423124131342
1324423131422413
2134431212433421
4123234132141432
4231314213242413
4132234114233214
1423231432414132
1234431234212143
2314413232411423
3214413214232341
4213314213242431
2431314213244213
2314142342313142
1342421334212134
1342243141233214
4321123434122143
4213132424313142
3142421313242431
1342421321343421
2134342142131342
2134432134121243
4132321414232341
4231134231242413
2314142331424231
3214142341322341
1432321423414123
4231134224133124
1342421321343421
1234342121434312
1243341221344321
1342241331244231
3421214312344312
3124241342311342
2431132431424213
3142243113244213
2143341213244231
4321123424133142
1234341221434321
4312124324313124
3421124321344312
1324421324313142
2134342113424213
4312213432411423
3421213443121243
2341142341323214
3214413214232341
4321124321343412
1243341221344321
1432231441233241
1432231432414123
2431314242131324
1423321441322341
1342241342313124
2143431212343421
1423324141322314
3412124321344321
1324421331422431
4132321414232341
2431312442131342
1243342141322314
4231312424131342
4123321424311342
3421214343121234
1324241331424231
1243431224313124
2341143241233214
4312124324313124
4312124321343421
3142243113244213
2413314242311324
4312123421433421
1324241341323241
3214413214232341
3241142341322314
2314412332411432
4321124334122134
2413134242313124
3124243113424213
2314412332411432
2143431212343421
2143342143121234
1423234132144132
3214412323411432
4213312423411432
3214142341322341
1423234132144132
4312214312343421
4132321414232341
1243341243212134
2431132442133142
4132231434211243
1423234141323214
1324241342313142
2134432112433412
4321214334121234
3241413224131324
1423231441323241
1432321423414123
2143432134121234
4231312424131342
1432234131244213
1423231432414132
3124243142131342
2341142341323214
1432231432414123
1342241331244231
2314143241233241
2143342112344312
2143341213244231
4132234114233214
2431134241233214
2431134232144123
1342243142133124
1342421321343421
3421213413424213
4132321414232341
2134342142131342
4132324113242413
1324241332414132
3412213412434321
4312214312343421
2314142341323241
3412123443212143
3421214312344312
1324423121433412
3142241312344321
2314143241233241
4213312423411432
1234431221433421
1342241342313124
1342423124133124
2341413214233214
1432234142133124
2341143232144123
2413312442311342
3124241342311342
3214412313422431
3241143241232314
4132234114233214
2134342113424213
4231132424133142
3124243112434312
3412213443211243
2314412332411432
4321123434122143
2431132442133142
1243432134122134
4132324114232314
3412124321344321
4231314224131324
1324241332414132
4132231412433421
3142241312344321
3241143223144123
1243432134122134
1423231432414132
2413132432414132
2314412332411432
1342241331244231
4132234132141423
2413312442311342
2143341212344321
3214412314322341
1234342143122143
4213314213242431
2314142342313142
1243431224313124
3124241342311342
3241143223144123
4312214334211234
1234341221434321
4231132424133142
3412124321344321
2143341243211234
2413134231244231
1432234131244213
2341412312343412
2413314213244231
4321214332141432
3241142323144132
4132324123141423
2134431214233241
4312214312343421
1324241341323241
3214142323414132
1342423124133124
3412123421434321
4312214334211234
4213314224311324
1324241341323241
2143432134121234
3421123443122143
2413132432414132
2431134231244213
3124241342311342
2134342143121243
2143431212343421
2134431232411423
4321124334122134
1423321423414132
2341412332141432
1234432134122143
3241142321344312
1432321421434321
1234341243212143
1243432134122134
3142243113244213
1432324123144123
1234341243212143
2314412314323241
2143342143121234
4321124321343412
2134342113424213
2413134242313124
3124421323411432
1342423131242413
1423321441322341
3412213412434321
4132234114233214
4321124321343412
4231312424131342
4132231414233241
4321214314323214
1234342121434312
1342241331244231
4123234134121234
1423231432414132
1324421331422431
1342241331244231
3142421324311324
4231134231242413
1324423134122143
2341143232144123
3142241313244231
4321213412433412
2314413212433421
1423234141323214
3421214343121234
4231134224133124
1234342121434312
1243431224313124
1234342121434312
3124421314322341
3412123421434321
1432321421434321
1324423124133142
1243342143122134
3214142323414132
1432324141232314
4321123434122143
1432234141233214
2314412332411432
2341413214233214
4123231432411432
1234432131422413
4132234114233214
1324241341323241
1324243131424213
3142423113242413
4231314213242413
1423321441322341
2413314213244231
1243342121344312
2431134231244213
4132234114233214
4321214314323214
4132321414232341
4231132421433412
4123231414323241
3124421314322341
4321214332141432
3412123423414123
3421124323144132
2143342143121234
2431314242131324
1423321441322341
4132234132141423
1432231432414123
4231134231242413
4132234132141423
4231134224133124
1234341221434321
2314143232414123
2134342112434312
3214142323414132
2134342143121243
4321213412433412
4312214312343421
2341142332144132
2143341213244231
2314412314323241
2314413214233241
1342241331244231
2134342112434312
4132321423411423
1432231432414123
2341413232141423
2431132431424213
3214143243212143
2431312443121243
1234431221433421
1423234141323214
3124241313424231
4312213434211243
4231132421433412
2314413232411423
1324423121433412
1234431221433421
1243341221344321
3421213443121243
2314143232414123
2431312413424213
2431314242131324
3124243113424213
1342243141233214
2134342142131342
2134431234211243
3421123421434312
4312123421433421
4123321424311342
2341412314323214
3214143243212143
3241412323141432
4132321423411423
1324423124133142
4123324123141432
3142421313242431
3142243113244213
4123324123141432
1432234132144123
3421213412434312
1324421324313142
4312124321343421
2431314213244213
1234342143122143
3241142343122134
4231314214232314
3124243142131342
4132234114233214
4231134224133124
2431134242133124
4132324124131324
2314412332411432
3421213412434312
1432231441233241
3412213443211243
3142421313242431
3241143223144123
4231312413422413
3412124343212134
1324243131424213
1243431231242431
4312124321343421
1342241342313124
2341412312343412
2413132442313142
3142243113244213
3421213413424213
1234341241232341
2314142331424231
4132324123141423
4312124321343421
3124243112434312
2413314242311324
3214412324311342
2314412332411432
2341142332144132
4312214334211234
4321214334121234
1432234142133124
4213132424313142
2134431234211243
3124423124131342
3142421313242431
2314413214233241
3214413223411423
4312124334212134
4123234114323214
3214143241232341
1324421324313142
2341413232141423
4312213412433421
4123234112343412
4132234132141423
2431314213244213
2431314242131324
4213132431422431
4231312413422413
4312123421433421
4213312414322341
1342423131242413
1342241331244231
3421123443122143
4312124321343421
4321123424133142
3412213443211243
1342243132144123
1432231441233241
1324423121433412
1423234141323214
1234431221433421
4231134231242413
1423234132144132
4132324114232314
4312213414233241
2341142341323214
4231134224133124
3241413214232314
3241142321344312
1234431221433421
4321214312343412
3214142341322341
1423231432414132
4312124331242431
2314142331424231
4312123434212143
3421124341322314
1234432134122143
2413134231244231
3124241342311342
4321123421433412
3421213443121243
3142421324311324
2413132432414132
1243341221344321
3241413214232314
2341142332144132
3214412323411432
2431134242133124
3124423124131342
1342423131242413
3142423124131324
1234342121434312
3142241343211234
1243432121343412
3412214313244231
3412214342311324
4213314224311324
3412123423414123
2134431232411423
4132231434211243
4213312424311342
2413134242313124
2341142332144132
2341412334121234
1432234142133124
2134432134121243
4312123421433421
4132321423411423
4312124331242431
1243432121343412
1234341221434321
4123321423411432
1342241342313124
3421214312344312
1432324141232314
3412214343211234
1342421331242431
2134432112433412
1324243142133142
2314142342313142
4312213414233241
4132321414232341
4321213412433412
4231312424131342
1234341241232341
4213132431422431
4132321414232341
3124421314322341
3412214343211234
1243341221344321
3124241342311342
1432234131244213
4231134224133124
3412214342311324
3124421313422431
3124241313424231
2431312412434312
2134341243211243
4312124324313124
2314142342313142
1324241342313142
3124243143121243
3142241342311324
2341412334121234
2413312442311342
2341413232141423
1234431234212143
1342241331244231
2341143231244213
2413314243211234
3412214343211234
1432324123144123
3412213443211243
1342243142133124
2431314213244213
3124243112434312
4213132424313142
3241412323141432
3124421313422431
4132324114232314
3124423113422413
4132231414233241
3124241342311342
2341143231244213
4213314224311324
3241143241232314
2431132431424213
4132321414232341
1243342123144132
2413314243211234
1342421324313124
3214143241232341
1432321423414123
4132321423411423
3421123421434312
2314412332411432
4132324113242413
2431314242131324
4231134231242413
1234432134122143
4213314224311324
4321213434121243
1324241331424231
1432324141232314
2431312413424213
3214413223411423
2134431212433421
3124423124131342
4231132424133142
4213314224311324
2314142342313142
3421213443121243
2413312442311342
1324241331424231
2143341213244231
3214142323414132
4132321423411423
3421214312344312
4213312414322341
2341412334121234
2341412312343412
4132234114233214
3124421314322341
2143341242311324
1423234132144132
1432231432414123
4132324114232314
4321124334122134
1324241342313142
3142421324311324
1432324141232314
1324243142133142
3421214312344312
2314412332411432
3421123421434312
2314412332411432
4321124321343412
4123321423411432
4231134224133124
4321123424133142
4231314224131324
1432321441232341
3142241342311324
1234342143122143
1234432121433412
1342243142133124
2134432112433412
2143432112343412
4123324114322314
1423231441323241
3421213442131342
3421213412434312
3124421323411432
3412213443211243
1423324121344312
1234432134122143
4132234132141423
1243342143122134
4321213412433412
1243431221343421
1234342121434312
4123321413422431
4213312424311342
3412214312344321
1243432121343412
3214143243212143
1243432134122134
4321214312343412
2431134242133124
1324243142133142
1342423124133124
3412123421434321
4312124331242431
1432324141232314
1234432121433412
1432324123144123
1423234132144132
4321214332141432
1243341221344321
4321214312343412
4213134231242431
4312124331242431
4132324124131324
1432231432414123
4213314224311324
1243342143122134
3142241312344321
1342423124133124
2143342112344312
1432234132144123
2134341212434321
3421123443122143
2143431212343421
3421123443122143
1423324143122134
2134341212434321
4321213412433412
1234432124133142
4312214334211234
3241142341322314
4213134234212134
4213132431422431
2341143231244213
1234431221433421
1324243131424213
1423234141323214
4321124334122134
2341143241233214
3421213443121243
2143341243211234
3214143243212143
1234342121434312
1342243141233214
1432324123144123
4123234114323214
2341413214233214
2314143232414123
2431312412434312
1432231432414123
1234432124133142
4312123421433421
1234432124133142
2341143241233214
3421123443122143
4312213434211243
1324243131424213
4312124321343421
2413312413424231
2134432134121243
4321124321343412
2413134231244231
1324423124133142
4123231414323241
2134431214233241
2413312413424231
1324423134122143
1423324143122134
3421213413424213
4231314214232314
3214413214232341
4321214314323214
2341142332144132
1423321423414132
1324423121433412
3241142341322314
4132231412433421
4312123421433421
1324421331422431
2413314213244231
1243342121344312
3412123441232341
2341413232141423
1342423131242413
4123321424311342
1432231441233241
3214142341322341
1324423131422413
2413312413424231
3124243113424213
4321123431422413
3214412313422431
4312123421433421
2143341212344321
3124423124131342
2413132442313142
2413134242313124
2413314242311324
1234432124133142
4132321423411423
2341143232144123
4123324114322314
4123321414322341
2341412334121234
3241142343122134
1324421331422431
4213312414322341
4231132421433412
3421213443121243
2314412314323241
1243431221343421
3214412314322341
4321214314323214
2431312442131342
4123231414323241
1423324143122134
3142423114232314
2413312413424231
3124423124131342
4312124331242431
4123321423411432
3412124343212134
4132231414233241
2314413212433421
2134432112433412
3142241313244231
2134431214233241
1423324121344312
2134341243211243
4123324114322314
4321213434121243
2341412334121234
4312123434212143
4231312424131342
3421213442131342
1324423121433412
4123231432411432
2143342112344312
4213134234212134
3124423113422413
4123324114322314
1234342143122143
3142421313242431
3124423124131342
4213132431422431
1432324123144123
3421213442131342
3124423113422413
4321124321343412
2134432134121243
2431132431424213
1423234132144132
4132321414232341
4213312423411432
1234432131422413
2413134242313124
2341142341323214
3241413224131324
2341413214233214
4132321423411423
3241413223141423
3421213442131342
4321213412433412
4321213412433412
4132234132141423
2134431232411423
4321213412433412
2314143241233241
3142241343211234
3142241312344321
3124423124131342
4123321424311342
3412214342311324
2143342112344312
3412214342311324
3412123441232341
3412214313244231
1342243141233214
3142421324311324
1342421331242431
2314413234211243
3214413223411423
2431132442133142
1432234131244213
4213134221343421
3142243113244213
3214412324311342
2413314213244231
2134341212434321
1324243131424213
2431132442133142
3241412314322314
4123234114323214
3142421324311324
4321124321343412
4312213434211243
2134431214233241
3142243142131324
4312124321343421
1432321441232341
3421124323144132
2431132431424213
3214142323414132
4213312413422431
3241413213242413
1324243131424213
4123234114323214
1342241342313124
3412124321344321
2431134231244213
2143342143121234
1243342143122134
2413132431424231
2341143231244213
4213132431422431
3421214343121234
1234341223414123
2413134242313124
3241143241232314
2431134241233214
1432324123144123
3142423113242413
1243341243212134
2413312413424231
2341142341323214
4213132424313142
3214412324311342
3421123421434312
1243432121343412
4321214334121234
1234342121434312
1234342121434312
3412213412434321
1324243131424213
3124423124131342
1243432134122134
4132231434211243
4132234114233214
1243342123144132
4231132431422413
1234341241232341
2413314242311324
2143432132141432
4312124321343421
3124423124131342
2143341212344321
1234431234212143
3241412323141432
3412213443211243
4213312424311342
2413134231244231
3124421314322341
4312214334211234
1342421324313124
4312213434211243
2413132442313142
1342423124133124
1324241341323241
3124423113422413
4312213414233241
1243341221344321
1342243132144123
4213314224311324
2431314242131324
4132321423411423
4231312424131342
4231132421433412
3214413223411423
4321123434122143
1243341243212134
4213132424313142
3241413214232314
4231312413422413
3142243113244213
4312124331242431
3214143221434321
2431312443121243
3142421313242431
1432321441232341
3241413224131324
3241143223144123
1423234141323214
4123321423411432
4312214312343421
2431314242131324
4231312424131342
2143342112344312
4132234114233214
3214413214232341
2431314213244213
1423231431424231
1234341223414123
2413312442311342
3142243142131324
4321123421433412
4231312424131342
1423231432414132
1432321443212143
2413134231244231
2314413232411423
1342421331242431
3124243112434312
1234342121434312
1243341243212134
2431132431424213
3142421324311324
4231314223141423
1342423131242413
4123321413422431
1234341221434321
1423234132144132
4312214312343421
3421214343121234
3142421313242431
4312213414233241
1432324141232314
1423324143122134
1423234132144132
1324243142133142
3412214312344321
2134341243211243
4312213412433421
2143432134121234
1432234132144123
4213134231242431
3142421324311324
4132234132141423
2341413232141423
1432324141232314
1243342121344312
3421214343121234
2134432112433412
1243341221344321
4213132431422431
2134432134121243
4213314213242431
3124423113422413
3412214342311324
1432234131244213
3124421313422431
4132324113242413
3124243143121243
3214142323414132
4132231432411423
2341412332141432
4312124331242431
4312124324313124
2341412334121234
2341142332144132
4231312424131342
4321124334122134
4231314213242413
3124421324311342
2314413214233241
2143342112344312
2134431212433421
4123324114322314
3412124321344321
3142241312344321
1423231431424231
1423231441323241
4213134224313124
3412214313244231
4123234134121234
4231132421433412
4312123421433421
2413132431424231
2413314213244231
3421123421434312
2431132442133142
4123321423411432
1324423121433412
4132234132141423
4213132431422431
1243432121343412
1234431234212143
1234432124133142
2413312442311342
1342421331242431
3124421323411432
1234431221433421
3142241342311324
3421213443121243
4213314213242431
1324421331422431
2143432134121234
3412124321344321
2341412312343412
3124421323411432
1234431221433421
3214142323414132
1324241331424231
2314143232414123
1243342121344312
4213134221343421
3412213443211243
3142241343211234
1234342121434312
1432324123144123
2413134231244231
4231312413422413
3421214312344312
4321123421433412
3421124321344312
1423234141323214
4321214314323214
1243341243212134
1234431234212143
3124423113422413
2341412332141432
2143342143121234
4321214332141432
3214142341322341
3421123443122143
2134342142131342
4231314223141423
3241143223144123
1234431221433421
2134432112433412
2143431234211234
2431134241233214
2314142342313142
3421123421434312
3214412324311342
1423231431424231
2314412332411432
2413132432414132
2431312412434312
1342421331242431
1243342141322314
4312213412433421
4213132431422431
4123234132141432
2314413234211243
4231134231242413
4132231432411423
2431132442133142
4123324123141432
2314143232414123
2134342113424213
4132321414232341
4132234132141423
1423231441323241
1243342141322314
4321213434121243
4321124334122134
4312123434212143
4231132431422413
2413132432414132
2314143232414123
1234342121434312
3421123421434312
2314413212433421
4132234132141423
2413314213244231
1243341221344321
1243431234212134
4132324113242413
4231132434122143
2143432132141432
1324421324313142
3241413224131324
2413312442311342
2413134242313124
4321123434122143
1234342143122143
2143432134121234
4231134224133124
2134341243211243
3142421324311324
3241142321344312
4231132431422413
2413132432414132
1324243142133142
1423324143122134
1342421334212134
2134342143121243
3124241342311342
2134341212434321
4321123434122143
1324423131422413
4123321413422431
3142421313242431
1234431234212143
1324241331424231
3412124321344321
3124421323411432
4123324114322314
1324423124133142
1432234132144123
1342423124133124
2143431234211234
2413134242313124
2314413234211243
2413312442311342
4312214334211234
2314413234211243
3214142341322341
1342241331244231
1243431234212134
1432324141232314
3241142321344312
3421124321344312
4312123434212143
3142421313242431
1243432121343412
3241412314322314
4132324123141423
2431312442131342
3241143223144123
1432324123144123
4231314214232314
2341142332144132
4132234114233214
2314142341323241
4321214332141432
2431312442131342
2143431212343421
4213314213242431
1234432131422413
2413134242313124
2143432134121234
1234432124133142
4321124321343412
1342421324313124
2314413212433421
1432234141233214
1342423124133124
2314143241233241
3124423113422413
3421214343121234
1423321441322341
1432234132144123
3214143243212143
2134341212434321
2341142341323214
4321123424133142
1324243142133142
1243431234212134
1423324121344312
3214413223411423
3124243142131342
4231134224133124
3241143241232314
2134341212434321
2431312442131342
3142241313244231
1432231441233241
4213312414322341
1243431234212134
2314413214233241
3142421313242431
1432324123144123
1234431234212143
4312124334212134
3214412314322341
1324243142133142
3421124343122134
3214143241232341
2341142341323214
4231132421433412
2134431234211243
2413312413424231
1243431221343421
2431134242133124
3142241343211234
4321214314323214
2341412332141432
3412214313244231
2314142341323241
3124421314322341
1243431221343421
2143341213244231
4123324123141432
2134432134121243
2143342143121234
1243432134122134
3214413223411423
4321214312343412
3214412324311342
1243431234212134
3214142341322341
4213132431422431
3412213412434321
4213314224311324
4321124334122134
4231132424133142
2413314242311324
1324241332414132
2314143241233241
2431134241233214
1432321443212143
1243431234212134
2413312442311342
4213314224311324
1432324123144123
1324243131424213
1324421331422431
3142423124131324
3124241342311342
3421124343122134
3421123421434312
3214412324311342
3241412323141432
3214142341322341
4132321414232341
1342243141233214
3241142341322314
2431312442131342
3241413224131324
1342423124133124
4231134224133124
2413314213244231
4213314224311324
1243432121343412
4132234114233214
3241142321344312
3124243112434312
4321213434121243
1234431221433421
2143431234211234
4132321423411423
1243342143122134
1324241341323241
3142243113244213
1234432134122143
1342421324313124
2413132432414132
3142421313242431
3412213412434321
1423321441322341
3412214312344321
1324423121433412
4123324123141432
3124421323411432
2431312442131342
3421123421434312
1432231432414123
4231132421433412
4312123421433421
2143341243211234
3124423124131342
4321214312343412
1432324141232314
1432324123144123
4231314224131324
4123231414323241
3412214312344321
3214412324311342
3214413223411423
3214142323414132
3214412314322341
2341413232141423
3124421314322341
3412123441232341
1243432121343412
2431134241233214
3241413213242413
1243431231242431
2413134231244231
2341413232141423
3124241313424231
4231314213242413
4123231414323241
4213134221343421
3412214343211234
4213314213242431
3124241342311342
2143342112344312
3241143223144123
1432324141232314
2134341243211243
2341413232141423
4321124334122134
4123234114323214
2143341242311324
3241412323141432
1423324121344312
3124243113424213
1432231441233241
2314412314323241
4213132424313142
1234342143122143
1432321421434321
3214413214232341
3214142323414132
4123234112343412
1234431234212143
1342421324313124
1234341223414123
3421124343122134
3142243142131324
4312123434212143
2314412314323241
2431312442131342
4321123421433412
3124421323411432
1423321423414132
1423324141322314
3421123421434312
1324243131424213
1324241341323241
1324421331422431
1243432121343412
2431134231244213
1234431234212143
1432234142133124
2341413214233214
3412124321344321
2314143232414123
1423234132144132
3142241342311324
1432231441233241
3124421323411432
2134432112433412
3421123443122143
3421123421434312
3412213443211243
4231312424131342
1432231441233241
1342243141233214
2314412314323241
3142243142131324
1243342141322314
3124421323411432
4312124334212134
4123321424311342
3214142323414132
1423231441323241
4312124321343421
2143342112344312
2413314212344321
2431312442131342
1432321423414123
4123231432411432
4132234132141423
3142241342311324
1342421324313124
2143431234211234
1423324123144132
2431132442133142
3421213413424213
2134342142131342
1243342141322314
1324423134122143
3142243142131324
4123324114322314
3124421313422431
2314142332414132
2431314213244213
2341413232141423
4321213412433412
3421123443122143
3241142341322314
1324423124133142
4312214312343421
4132321414232341
2134432134121243
2143432114323214
1423231442313142
3421124321344312
2143432114323214
4213132424313142
4312214312343421
2431134231244213
2413312442311342
1324243142133142
3421213442131342
2341413232141423
2314412314323241
3124421313422431
3421213413424213
1243431224313124
1324421331422431
1324421324313142
2134431214233241
2314413212433421
4213134221343421
1243341221344321
1243432121343412
3124423113422413
2341413214233214
4213134224313124
1342243132144123
2134431214233241
3412214342311324
3241412314322314
1342241331244231
1432321421434321
4132324123141423
2314142332414132
4312214334211234
1342421324313124
1423321423414132
4132231412433421
4213134224313124
3214413214232341
3142241343211234
2413134242313124
2134431232411423
2134341212434321
2413314212344321
3412123423414123
4231134224133124
1243431231242431
3241142321344312
1324421331422431
1234432131422413
4123321413422431
2314413232411423
3124421313422431
2431312413424213
1234342121434312
1324423131422413
3214413214232341
3421214312344312
3241413223141423
3142243113244213
4312213434211243
4123324123141432
4231132434122143
2431314242131324
3124421313422431
2431314213244213
4123234132141432
3214142323414132
4312213412433421
2341413214233214
2341142341323214
2413312413424231
2134431232411423
1432231441233241
3142421313242431
3142423123141423
4132231434211243
3214143223414123
1432321441232341
3142241343211234
4213312414322341
3214143221434321
1342243142133124
2431134232144123
4123321414322341
1234342121434312
3412123423414123
3214142341322341
4213132424313142
1432321423414123
3421124323144132
2431132442133142
1234342121434312
4213312423411432
3142421313242431
2341142332144132
2314412332411432
3124423124131342
3142243142131324
1342243142133124
2431312412434312
3214143243212143
4123324114322314
4213134234212134
1423231441323241
4123231432411432
3142241342311324
1243431234212134
4312123434212143
4123324123141432
3142421313242431
1243341221344321
3142423123141423
2413314213244231
4321214314323214
3142421313242431
2314143232414123
4123321424311342
1342243131244213
1342243141233214
1243341243212134
3412213443211243
3241413213242413
3214413223411423
4213132431422431
1243342123144132
3214143223414123
2314143232414123
3241413224131324
3142243142131324
4312213412433421
4123234132141432
4312123421433421
3412123423414123
2413132442313142
4321123431422413
2413314212344321
1234341241232341
1234432121433412
1234432121433412
4213314213242431
2143342143121234
4231314214232314
4213134224313124
4231134231242413
1432321443212143
3124423124131342
4123324114322314
4231312413422413
2431132431424213
3421124341322314
4123231414323241
4312123421433421
2431312443121243
4321124321343412
2143342112344312
1423321423414132
2143342112344312
4213132431422431
3142241343211234
3412214313244231
2143342143121234
3241412314322314
2431134241233214
3421123421434312
4213314213242431
2314412332411432
1243432121343412
1243431234212134
4312124324313124
1423231432414132
3412124321344321
3241142343122134
4231312424131342
3241142341322314
1234341221434321
1342421321343421
3241142323144132
3241143223144123
2314412332411432
3241143241232314
4321213434121243
4231132434122143
4123321423411432
3142241312344321
2431134242133124
3214412314322341
3214143221434321
4231314224131324
4312213414233241
1243432134122134
1324241342313142
1243341243212134
3241412323141432
2314413232411423
4132321414232341
4123321424311342
1432321421434321
4321213434121243
1243431231242431
1432231432414123
2341142341323214
1243432134122134
1342421321343421
2134342112434312
4231132421433412
1243431234212134
4132231412433421
4312213412433421
3412123423414123
3214142323414132
1342243132144123
1324421331422431
2431134242133124
1243432134122134
3142243113244213
4213134224313124
2143341243211234
2134432134121243
2413134231244231
4132321423411423
1234431234212143
2413314243211234
4123321413422431
2413312413424231
3142421313242431
1324421324313142
3214412324311342
4312124331242431
1432231432414123
3241412314322314
2314142342313142
4123321413422431
4213312424311342
4312123434212143
4312124324313124
4132321423411423
2134432134121243
2134432134121243
1432321443212143
2431132431424213
4312124334212134
4321123424133142
4132321414232341
3142243113244213
2134431234211243
2134431214233241
3421124321344312
3421124321344312
3124421314322341
3142243142131324
1423321423414132
2143341212344321
3241143223144123
3412213443211243
2134341243211243
1432321421434321
1324243131424213
2314142342313142
3142421313242431
4132234114233214
2431132442133142
1342423124133124
4321214312343412
3241142343122134
3214413214232341
1243432121343412
4132231432411423
4213314213242431
2341412332141432
1432321441232341
2314143232414123
4231314223141423
4123324114322314
4123234132141432
4312124324313124
4321214312343412
3421214343121234
4231132421433412
3124421313422431
2143342112344312
1342243142133124
1243431231242431
3412124343212134
2341142341323214
1423234141323214
1243342123144132
1342243142133124
4312213412433421
3241413223141423
4231132431422413
2341412314323214
2314413212433421
3124423113422413
4312213414233241
4312213412433421
4123234112343412
4312123434212143
1324423121433412
1243431231242431
2413314243211234
3412213443211243
3241412323141432
3142421324311324
1342243142133124
4312124324313124
2413134242313124
3124243142131342
4231132421433412
1342243131244213
4321123424133142
2314412332411432
1432324141232314
1234342121434312
4213132431422431
1342423131242413
2143341212344321
3214142323414132
4132234114233214
3214143241232341
1342421324313124
2134432134121243
3142423114232314
3241142341322314
2413134242313124
1243431221343421
4231134224133124
3412123421434321
1243431231242431
1324243142133142
4123324123141432
1432324123144123
1342421331242431
3421124343122134
1432321421434321
4231134231242413
4321214312343412
1432231441233241
3421213442131342
3124421324311342
2431134242133124
1423231432414132
1324423121433412
1243431221343421
3421123443122143
1423321423414132
1234432121433412
3241142341322314
4132324124131324
3412214342311324
2134432134121243
3124243112434312
2314413212433421
3214142323414132
3412214312344321
3214143223414123
2431312413424213
4123324114322314
2431132431424213
3124423113422413
3241142343122134
3241413214232314
2143431234211234
3241412323141432
4213134221343421
1243432121343412
3214142341322341
1432231432414123
2143342143121234
3421123443122143
1423234132144132
3241413224131324
2341142332144132
1243341221344321
2134342142131342
2341142332144132
1423234141323214
3412124343212134
3241412323141432
3142243142131324
2413314213244231
3421123443122143
2134431234211243
2413132442313142
3421124321344312
3421214312344312
4312213432411423
4312214334211234
4132231434211243
1243341243212134
4312213414233241
4132231432411423
4321213434121243
1423324123144132
2314413234211243
2143432132141432
4231134224133124
4123234134121234
4321213434121243
3412124321344321
1324421324313142
4123324114322314
1432324141232314
3241142321344312
2413132441323241
3124241313424231
3241413223141423
4123234112343412
4231132424133142
1342241331244231
2314413212433421
2143342112344312
4321213412433412
1342423124133124
4231132421433412
4123324123141432
1234342121434312
2431312412434312
2341142332144132
2314142342313142
2431314213244213
4213132424313142
1432324123144123
3214142341322341
1342243131244213
2314412332411432
3421214312344312
2413134231244231
1342241342313124
2341143241233214
1342421334212134
2134431214233241
1324243131424213
1234342121434312
4123234112343412
1423234141323214
1432231441233241
3124421313422431
3412213443211243
3214412313422431
2341413232141423
3421123443122143
1423324121344312
4213134234212134
2143431234211234
3142421324311324
2341143242133124
1234432131422413
2314413232411423
1234342143122143
1342423131242413
4213314224311324
1243341221344321
3142243142131324
4213312413422431
2431134232144123
3124423113422413
2413312413424231
4132231434211243
4132231414233241
2341413232141423
4321124321343412
1324421331422431
3412214343211234
1243431221343421
2134431232411423
1243432134122134
3241142323144132
1243431234212134
2431312443121243
2134341212434321
2341412312343412
2143342112344312
1243342123144132
3124243112434312
3412124343212134
4132321414232341
1432234131244213
2134432134121243
2143341243211234
3412123443212143
3142241313244231
3412214343211234
3214143243212143
3421213413424213
2134431214233241
1324243131424213
4321213412433412
2413312442311342
4132324124131324
3142241313244231
4123324123141432
4213314224311324
4312123421433421
3124423124131342
1432324141232314
4321123424133142
2413312413424231
2143431234211234
3124241313424231
3412213443211243
4231312424131342
2431134232144123
2143342143121234
3124421324311342
4231312413422413
2143341243211234
1423321423414132
1243432121343412
3241142323144132
3241412323141432
4123321414322341
2431314213244213
4231134231242413
1432234131244213
4231132421433412
4231132431422413
4123324123141432
4132234132141423
4213134231242431
4132324123141423
1234432121433412
1234432131422413
4231134231242413
2341143241233214
4123324114322314
2431132431424213
1234432124133142
4321123431422413
4213312414322341
1324243131424213
1342241342313124
2413134231244231
1342243141233214
2431134242133124
4231132434122143
4132234132141423
3241143223144123
2413314243211234
4321124334122134
3421214343121234
2431134232144123
4231314224131324
3241143223144123
3241412323141432
4231132424133142
4321214314323214
3421214343121234
2134431214233241
3124421313422431
4123321413422431
2134342112434312
4213314224311324
2341413232141423
1342241342313124
2314413214233241
1324243142133142
4321123434122143
2413132432414132
2413312442311342
1432231441233241
3214413223411423
2314412314323241
4321214314323214
4321123421433412
4231312424131342
4132234114233214
4123324123141432
1324421324313142
3124243113424213
3241143241232314
1243431224313124
4231314214232314
4231134224133124
2143341242311324
3142243113244213
1324241341323241
3421213412434312
3214412324311342
3124421314322341
3241412323141432
4231312413422413
4312213432411423
4231132434122143
4231314223141423
2134341212434321
3241142323144132
1243342143122134
4312214334211234
1423324143122134
1423321441322341
1243342143122134
1342423131242413
1234432134122143
4231314224131324
3142241312344321
4312214334211234
4312124321343421
3412213412434321
1423231441323241
1243431231242431
2413134242313124
3241142323144132
4321124334122134
2341412332141432
2431132431424213
3124423113422413
4321123421433412
3142421324311324
2413134242313124
3412124321344321
1324423134122143
2341142341323214
2431134231244213
3214143223414123
1342423131242413
2341142332144132
4213314213242431
4213312424311342
1324243131424213
4321213434121243
3421214312344312
3241413213242413
4231312424131342
4321213412433412
2134342143121243
3124421314322341
2143432134121234
3241143241232314
1324423124133142
1234431234212143
1423231432414132
3241142323144132
3421213413424213
4312213434211243
3241413214232314
2314413214233241
2134341243211243
3142241343211234
4132231412433421
1234342121434312
3124423113422413
1432324141232314
3421213412434312
2143341213244231
2413314243211234
4231132424133142
1243342143122134
4321124321343412
1234432121433412
4213134224313124
3412123421434321
4123234114323214
2431134232144123
3241412314322314
1243342123144132
1234432124133142
1243341221344321
4132234114233214
2341412332141432
1432321443212143
4231314223141423
3412123443212143
4132234114233214
2341413232141423
2134431234211243
1432324123144123
1423321441322341
4321213412433412
3214413223411423
1324243142133142
2431314242131324
3421213412434312
1243341243212134
2143341212344321
3142421313242431
2341412312343412
4213312413422431
2134431212433421
2341412312343412
2143432114323214
1423231441323241
4213312423411432
1342243132144123
1432321421434321
1234342143122143
3124423113422413
1423234141323214
4321213412433412
2134341243211243
3142423123141423
4123321413422431
3241143241232314
1423324143122134
3214143243212143
3412213412434321
1423324121344312
4231134231242413
1234342121434312
3142423123141423
3124243142131342
1243341221344321
2431134242133124
4231312413422413
3241143223144123
4123231432411432
4132231432411423
2413314212344321
1324421331422431
3142241342311324
2341412312343412
4132234114233214
2134432112433412
3124423124131342
4132234132141423
1432231432414123
1432324123144123
4132234132141423
4231314214232314
2341413232141423
3412214343211234
3214142323414132
2143342112344312
1243342141322314
1324421324313142
2314142342313142
1243341221344321
3142241343211234
1324243142133142
2413314213244231
2134342142131342
2134432112433412
3124243142131342
2143431234211234
4321123424133142
4312213434211243
3241413214232314
2413314242311324
4123231414323241
4123234132141432
3412124321344321
3142421324311324
4321123421433412
4132324124131324
3214142341322341
3214143241232341
3241142321344312
1342241342313124
3214413214232341
3142241343211234
2341413232141423
4321124334122134
2341412312343412
1234342121434312
3124241313424231
1243341221344321
4321214314323214
3124241313424231
1234342143122143
1342241331244231
3421214312344312
4321213434121243
2413312442311342
1432324123144123
4321123434122143
3421213442131342
4231132424133142
3214412314322341
3142243113244213
4312124334212134
3124241313424231
2341413232141423
4123324123141432
2143431212343421
2143341242311324
1243342121344312
3412213412434321
1423321423414132
2143431234211234
4123234114323214
4123321413422431
1423321423414132
3214413223411423
1342423131242413
1423321441322341
3241142323144132
3142241342311324
2143431212343421
4213132431422431
1243431224313124
4132321414232341
3124423113422413
1324421324313142
3412124321344321
1432231432414123
4123321423411432
3421213413424213
3124243113424213
2431314242131324
2143342112344312
4132231434211243
2134342112434312
3214143241232341
1342241342313124
3241413223141423
2341413214233214
2341413214233214
4231314223141423
3421123421434312
3421213443121243
1324243131424213
4312214334211234
2134432112433412
3142241343211234
3241412323141432
2143432112343412
3142243113244213
2413134231244231
2341143232144123
4213312414322341
2341413232141423
3412214312344321
4132321414232341
2341413232141423
1342241331244231
1234342121434312
2314142332414132
1324243142133142
3241413214232314
4231134224133124
2413134231244231
3142243113244213
4231314223141423
1432234131244213
4123231432411432