2431132442133142
4132234114233214
4123321423411432
4321124334122134
2413312413424231
4231312424131342
3412123443212143
2413132442313142
2413314212344321
2143431212343421
2431134241233214
4312214312343421
3142421324311324
1432234131244213
3241142321344312
4321124334122134
4132234132141423
4213312413422431
4123321414322341
1243431224313124
2341413214233214
1324241341323241
1432324141232314
4213134231242431
4321124334122134
3214142323414132
4312123434212143
3241412314322314
2314142332414132
4123234134121234
2134341212434321
1342241342313124
1324421324313142
3142243113244213
2143432114323214
2314412314323241
2413132431424231
1234341223414123
4321214312343412
1423324121344312
4231312424131342
1432324123144123
2134341243211243
3124243143121243
2431314213244213
3142421324311324
3241143223144123
3124421314322341
1432234142133124
3421214343121234
4123231432411432
2143342143121234
4312124324313124
4123231414323241
2341142332144132
1243432134122134
1324423134122143
2134432112433412
3412214313244231
2314413212433421
3124243142131342
3241412314322314
2413132432414132
1324243142133142
2341413214233214
3142241343211234
4123324123141432
1423231432414132
1342241331244231
2413314243211234
1324423134122143
3421213442131342
2341412312343412
1423321423414132
3142243113244213
2314412314323241
2134342143121243
4312123434212143
1423321441322341
1423321441322341
2341143242133124
4231312413422413
1432231432414123
1234341223414123
3214412324311342
4312123434212143
4123324123141432
2341412334121234
3241143223144123
1324423131422413
4231312413422413
3412213443211243
3412123423414123
1423234132144132
3214142323414132
4231312424131342
2413134242313124
2413312413424231
3412124343212134
1243432134122134