4103031000401430
0340102000320000
0000420001240003
3240412003040430
2001132031420010
1040040040002134
0014400202403020
0432000441000201
0000000434020203
2300100340320000
0020320041002341
0002003420030021
0102203002001004
4020214014003204
0214102023000032
0400004103104120
3020003140020000
0004013004000340
0200002310300004
2400310442310300
0324420100400400
1030231002400000
0420000403404102
0120401300000432
3420120440000103
0000041340303002
0234002103020140
0013002440300340
1030432001000403
1300200001200010
1000304100104130
4231134001000013
0031130041003200
0320210032000030
0000420020101304
3100420313200401
0200000000322341
4000210300343420
1230341021404000
4132300403011003
0010120003210034
2430000031404010
4203000000012100
3200102003014102
1030401001403021
1004001300313042
1402200401203200
1032321000000023
0021214300003214
0004430100002100
0040030120040412
2410300000001300
0034040200030300
0102420320301004
1230030101003000
0043040041300314
0040401320013004
1034402020100142
0302423130002013
0020003024033140
0200412023000002
4103200000410400
0130031210033020
0001043001203200
4321124001003000
3000200300304010
0300201041303000
0000403114230304
1300200042313102
0024200001000031
2013000000313004
0000400004210243
1000000030210143
0030000200044210
0003300440300041
0100400004120030
0210130400310142
1000341020030300
0023320420400002
2000002304020010
2041013002041003
3102020003042403
3000200002031024
0410010302300000
0310000312300001
4000304110322310
0003130030422430
3420210440000040
0040040330000230
3000003014202000
0140340040101000
0201012300041032
0310410030001402
0014403200200041
0000403100001420
0041043201030300
0403134231040001
0004402100033142
0240032101003402
1023324040320000
2104040112000012
0241040000320304
0103032010000010
3241000041320304
2041013214000014
0310014302303400
0401004300340312
0140020024011304
0300040001203014
0000002010433410
4020024114300010
4120004100141430
4003102004310142
2134002104000000
4032001434000000
4103320000011302
0143002003000204
0024201042010100
2014003002410023
4000104224003100
0000240130140003
2103402012000400
0034402024000042
2034431010003020
0000021030202100
0300210304101230
0100004110000410
1203041200344300
2410002402000032
0140401202343020
0000023023414000
2000032402030040
0001104001244213
1200030021030400
0000213412033402
0123000020401432
3241040020140002
4231130020030400
3000041340001342
1240430020003420
4200010410400013
1040002000002104
0214010300000001
0120423024100000
3241410023100000
2000043041203004
0023001032400030
3410004020044321
2400310042001342
1423001400410030
4000004104030310
0010010220401423
3400020343100034
0030432004102140
0143040143100034
0030010000131304
1000032101000010
3002014000344021
0024423000022000
3004000003020031
0412200010030300
0010413014200241
0030300202430020
3002100441030000
1204031200003401
4210104000300420
2001300203244200
0413002000024001
4100000010022314
0030132400133000
1340020024000004
0004000001430302
3420104040300300
0341100002000032
0041100020040010
0231300200200013
3002214300244001
0400010002344010
0230004220101020
1402204031040210
3004421314000001
0213000000002401
0142200013000031
3402100003012040
3004102041020000
0001210400400410
0043031001000001
3004023104001042
3200010300002040
0420300023104102
0421000010420013
0421210010040012
0042040300004231
1000021001002040
0143300010344010
1240042000144102
4103300023100400
0000320440022041
2430014000200010
3041002040000014
4100001400002430
0342041002013100
2340142030100032
1234000003000023
0200140200000321
3000013403201200
2000130042310100
4010120001042430
0124400000020041
0010000310343401
2010143002000100
2001000010300204
1004003021430410
0003200114003004
0002000412434320
0023021020401032
3421000020000012
0402013043010240
1040340020044020
0300010300343421
0010000043211200
1042040041203000
0314400204033200
0040412000101432
0041012004320204
0021014310044010
0340041342010120
3014002020400032
0300410034000004
0020004030101004
0120023004130002
3410010012404300
0203100020000102
2134342100100200
1004001023014020
3041002020044002
0321013034000200
3410004312304000
0024200331404200
3020003440002000
0310143000414023
0420023020030310
0431102402133000
1234430200030020
2340103200000204
0423001040310100
0030002030120240
0134002030000243
3012023441000301
0014102041022041
4020013000120200
0000420301300420
3410100423404003
0043031230010004
0010123400404321
0020003420430000
0001412323001032
2030040143021003
0310004012343021
1302401000343000
2100040000201240
4002203412030400
1000000123100003
0010213043010000
2000312400311042
0341043200204010
3020240110404000
0030102404103102
3020020000404010
1034032020033012
2000010442011300
3000010300411032
1423004102000000
4020000400033410
3004002003014002
1000400100002034
0201002400422413
1002420030040431
2034342003001203
0201100031240000
0013010004310300
4003100001000431
4230302413000000
0002020320000420
3020103421434000
0003000101300210
0314000301404231
0010003202004123
4100024003000402
2430034001040213
4021210004001003
4120200110023014
1340041302300120
0003021004302040
0100421300042431
1302420120030004
0140420010042031
0340043000040203
0010004024000024
4000201000320240
3014040000000140
0100241300311300
4301003410000012
0213012410022030
0004012330401032
0003030230244000
2340403230040003
3412103403000043
3000103400002043
3014000003400031
0004402314000041
0124400024001000
0142041302010024
0401004012300002
2134300143000240
0002020010002304
4000200010233200
2431002431020010
2040430012003420
3200402303401002
0302043001000200
2300000300001230
0243300140020134
2004400032010030
1023204002144100
0120321000422400
0400304100002134
1400234102004002
0400034141203004
0034431021003420
3402100021004321
0030024020130324
0314400300011400
0000003100130342
1020400020310042
0032321020404001
0020120303104030
2014042000303000
0300004020303400
0000230131200000
1000001031042430
1243000000004021
0000214012300000
1020420324300040
0042020100133104
0013014010244201
0234432134000003
0014003241200341
2004001234210200
3140400120001403
1000340000212000
4021003400030002
4000032000022410
2400000003121040
0103204014020214
0203300400400400
0431004203040010
2000140330404030
3001200003101004
3102203110004203
4000300403022013
0000403001202400
0002423004101024
3214410300011000
0020034030141432
0403320100340010
0001214340120034
0010200302003421
0023000014320341
3100040113244000
0310012304003201
3040001320301304
4010010410022401
3020241002011042
3200000220000021
0040200000031324
0043341000200001
2300012034100030
3421000003001200
0024000124030040
4230004231000000
0214103040010000
0430200040233041
1024041042000100
4210300404001042
1240400004100134
0100031230011234
0013312020310302
2401100002000140
0100024000101030
0021214000304000
0003300240300004
0413012442000002
0240140000004030
0000021400420400
0400003400011243
0142000324310300
3020204343101030
0010130040320201
4102001000200001
3140001040310320
3402100000044301
0024240030004231
1302200301200230
3002124043202100
2100001203210000
0200000431022430
0201102040300314
0320120000000034
0134300102404012
0000413020001400
2000003032001003
1040403001040403
3041040023000020
0402031001203041
3010123040202103
0302403020030004
4020230110303410
0300423020030400
0103020014320000
1000300103100003
0004031234000000
0413012042000300
0021104004102000
4210000014000040
1030001400010003
0142041340011200
2004402310023040
3401000401430000
4021123404003000
0002203101203204
0420201000414132
0004430001033002
4201134031000000
1043042000102134
2043002040000004
2014000240233200
2310043041000000
0002201300303020
0320001302404030
0020000042130102
3001412303101002
3102420003040003
1000230002100020
0243300000040130
1423001400300000
1304201300024230
0201304000141423
3000040300011320
1000041301024001
0340010000141403
0420000040323001
0432300040000001
0403034000303200
0000132042100100
0003314203202031
0010030030402430
3214000013400430
1000200340010140
0400004023044002
0030432134101040
4300123420000142
0300010400011200
0214003023410420
1034300020000320
0142420100032310
1000032001303000
0043400012040401
1200031200240001
0302041001000231
3004041302000302
2010002030001032
0013030021303021
0024400023010430
0034032130122003
4100204004021204
0043300010240000
0041410000000014
3210003023000000
2040140001000200
4010002031020000
0042003031000210
0042000004300320
0403304020004032
0002024000131000
0013034024303000
0030310220040403
1300420024303040
2003430200000204
1302020004000124
0013304000311000
0400004001044231
0210102041320001
2001410214230000
0024400004020003
0020423000033000
0240030004100104
0321103000130142
0302200140033000
3041140043022030
0213002424003102
1423204000303200
2403004201200200
0210042000010100
3214000000410000
1040302041000000
0001024003044130
0030301001030001
1042420000043001
2041100302104130
4310004310303020
3000140300322041
0000001021430020
4023200032411000
0204401030002003
0000230442313002
2000014210044020
0021100421000310
4020104301003402
2304040240030200
0002201400000023
2403012000000342
0040140001003214
0403130030000231
3002120043000034
0342000302000100
0312203410000201
2301012004323010
4321120001040410
0204410203001000
1023200040323210
0401124300304300
0302123404010040
0000000030011432
0000002301303010
0143402002141030
4301200032001030
3120400020100302
0240001231000400
3002200013000003
2410134230000001
0431000242101024
3000040342011342
2004400004000203
0003102040000042
3421104040002130
0200430021403020
0000040040303201
3042041010300301
1000240040130004
0032304140232004
0000200304011200
0000002340322301
3214000210030000
4123001404000201
3200002341020301
4023201004000001
0032034140033000
1300041030040200
1003302001322000
0004002300022041
0200000313022400
3100021010242000
3014140220400300
3014002020404132
0430304023100103
0032304100041023
3200402020001000
2010010032400402
3420014002040002
1042003020133104
1400020401320041
4103231002400430
4200100031200003
0243001201343001
1200031004202100
0001010014300204
2314000002414103
0000030440013102
4120000002411432
0300013002100003
1042423001000413
0001410000000432
2304100340300142
0001000443100043
0401103400404312
2003001230201200
2341010032000000
3001100301302014
0002040301240231
0032304101232300
0003030030012004
0000030130044203
0100041310000030
0403130031020200
3140400120101003
2004403002030421
0040340000040302
3010142000004030
1230000101434300
0100241303211200
4002120300340001
4100020004202040
3000410003141430
0020004021304010
3102423004030320
4000000402403010
3410010400211240
1203031220003024
0012024020300300
0004042340300000
1423000032004030
0020124000022000
0001010042130324
0020210034000240
0413100000310100
0023000042000042
3010000040011320
0213104221040020
0120040000031342
1040001030200030
2300000000300412
1030300000430321
0024020010002410
0300200142130120
0230340100000010
2310012010023240
0431100002030042
3001013403004213
0412010043010240
2003000032000032
3000420020310320
0310103040000240
0100201010000201
1324000130424003
2314410034000240
0302024004210100
0000240003240213
3000403000101340
1234400121003010
0020000414003201
0021120001300400
0030321400410423
4013310003240400
1432300023400103
3410104003200134
2403000042311042
4020010004020030
4210000423401000
4302020034010043
0103042000004302
0020214330120030
0200341040012143
2030300400000012
0010103401200301
1204041220004021
4012020004212100
0203030430420400
0321024300343002
1030302043120100
2301002310003200
4301100300000100
0030431034010000
1300201040013124
4132230002101400
0401004200101004
2430130240000004
2410104002000104
0201002400402410
2000300142000342
0104030102030402
0432020443002043
0003000031400031
4130230130100003
0400320001320041
3214040301020000
0020000142030042
0203032021340010
0410004030000031
2401030040030040
0000004201200203
3040413013002410
1000023020430402
3024200013024013
0000020003402013
0001203400433410
0001024300122000
3412000000344021
0304203000424213
0100423100000304
3000103223140103
2000032000010130
2014142032014000
1340023020130104
2410300003201204
2103432000020200
0043302040300304
0240432104022030
1300001034002134
3021210400020003
4023320010022301
2010132041020240
2010302442300340
2000002301303200
4013130024003004
4000201032400032
1030300040030010
1200402001003412
3001210002304000
0020024023100130
2010100301404200
4300103400000040
0000341221004301
4301023400000000
2310010300401032
1002040002103100
4100320104302010
4100001404001000
1320203042000042
0240402323040402
2003004213240031
0403204030144102
0312000000303420
0300200314003014
3014412003020031
0024041302000000
0301140032040000
1423030140300210
4003320100100432
0030004041203204
3410120001430001
3402004002000300
4001124020340002
4300100421403420
0403004000004201
1204032121003000
0130020013200410
2004300000210203
0001300002000312
0100230014020241
1203030100022034
0014010200411403
2000003200003204
2004001202010023
0000231000030041
0310213430200203
4032300024131020
0300203410033002
0030200002140023
1340243030240000
1000001000040431
4203100420013000
1003030402010132
3041010003240400
0243340100020314
0000104230100023
3004001340011042
3010010000044301
3010003200411403
2310142001303040
3420120043000043
0020400101400010
2103030010003204
3002420013042400
0140430212300021
1342200042000000
0210040301020040
2000034201000200
0004240102100040
2001100332104100
0014410200002340
0000420300003401
3401024000100130
0210040000410123
1020020021430412
4003004213002401
0100003013200010
3200010000141000
0203401230002034
0002201302000004
1230041201030041
1432030000103000
0002200404233000
0320100320043400
3421200000434310
0000403214202340
0004140043200100
2430130002030020
1430001401033041
1324000040310140
0200300143002140
0003300042010004
4000100000122104
0000043200133104
0041412304022300
4321120401400000
0010013402434001
0000420304303100
1023031440000142
1302043031040203
0024023000130300
0000312403424200
4023230112040000
0301100330002100
3200000300320341
0010003421033001
0043341010004001
3420213040020203
0010300003202001
4023021000002040
2341003200030004
2010012000411430
0010000042003124
0410210400011043
2130001010000001
0004413012433020
0024420001020031
0401000442100142
2034340200430020
0130020013000010
3012000003000043
0102003100240010
0200000234002143
0001100300122004
4201012400131002
3040000023101423
2100001202310324
0410304200310024
4003230010303214
3421100020430302
1030004101003010
2001013202101003
1302000301244000
3140240040000324
1003341200000000
0000201430014030
0410000413020200
4000210030211234
1030304140000004
0402031000404003
0421000341300304
0200034200030020
2103402104020000
0000100341320300
0200004020310024
2140041000310004
4100324000200013
1430200032400003
0210002303401002
0043430100020130
1004240302303040
2043002002040000
0402004001200010
0004020131020403
0020003440002003
3000420004232004
2003304043201204
0042423023101020
2030130241203200
1032230441003001
1200432130002104
4123230034100200
2000010003040213
2400004202131304
1040003124103000
0020421304310000
0201002304002004
3210010000302300
4103300000000031
2000030002033102
0413100001240000
3014000023000130
0430032402100000
1230040200034320
4000134200212004
0431032000420213
0420010042131000
0000140200244203
0032200000230040
4100004100003014
0040042032144002
2431304042000020
0000310424311302
0102030130000400
3000213000100043
2010012402010302
2041102000320000
0040030224310124
0040013210232304
2010002340300201
0203041021000301
0201003024100300
1030431204200003
2000004031000203
3401100001434302
0041010000002410
0040142300040002
0400100343022134
0040040341323204
0300001300310140
0341100000023214
0132001000030300
0000314000131304
4031102430102003
0012000324000020
4001210434020040
0300420004103004
0403001000014102
2100432000400412
1003031400000100
1420320100004012
1300020304300000
2401030240130000
0032031402400120
0130430000120000
0100031010003401
0000104301040300
3104000003422403
3002000100044213
4010010010000430
3000043113400010
4030200002010403
0000014200301324
0100200103244003
0000021320010140
1234041000000003
0043000043010030
0014400004000340
0300100000144002
0210140003000030
0003000032414102
3040020010240001
3010003402400020
0400032001023040
1003201430004000
4321003404100100
1430231001203040
0000003204203200
0004200031424001
0001010200030204
2014040041320041
0102021303002001
1200000231000401
4000102400000413
0431002000030002
4123230004121000
3142000000030010
2300102000004102
4300004300003410
4201002000033000
0010012014020000
0012213003200240
0000210413024003
0000243000240213
2410000012044321
0001142000104132
4000004020031004
0103020004000014
0010010340201004
0400000242003124
0041040240032300
0040102001300304
4203130004313020
0401003042001042
0203300224011304
2000402102000410
2000130401404000
0130000010033201
0304103200200040
3140200343011200
0214103040012100
3001002304302014
0302020420400400
0000340121340300
0014000302010002
0000210400004321
1420024020144100
3124420004000000
1020201042010140
0042040040100020
3241400303040030
1004023034102100
3124000314002340
4003324010020314
0300143200044010
0423200040020200
4030130021003012
0010402000402031
4032004000240003
0024003024000302
4031130404022003
1024200030000001
0310124001043400
3201142000040302
0040413223041020
0030024000032010
0000400120033040
0001014343120000
0040241003210204
0210032000020030